0.06508359999999991
0.06692560000000003
0.06596769999999985
0.07005059999999985
0.06667809999999985
0.0684089000000001
0.06735230000000003
0.06822539999999977
0.07182090000000008
0.07074559999999996
0.06825560000000008
0.07838769999999995
0.0727578000000002
0.06026869999999995
0.06056259999999991
0.05390529999999982
0.06544989999999995
0.0643549000000001
0.0677610999999998
0.05730800000000036
0.05692250000000021
0.06015920000000019
0.05248969999999975
0.053631900000000066
0.052388800000000124
0.05266529999999969
0.06805030000000034
0.07068740000000018
0.07365649999999979
0.07026160000000026
0.0674007999999997
0.06519299999999983
0.06605190000000016
0.06647369999999952
0.06400000000000006
0.06568899999999989
0.06271049999999967
0.0620617999999995
0.06766550000000038
0.06759290000000018
0.05826449999999994
0.05724909999999994
0.0621312000000005
0.0699266000000005
0.06372900000000037
0.06570739999999997
0.05578930000000071
0.051863099999999385
0.05134729999999976
0.06131029999999971
0.06035690000000038
0.06294019999999989
0.060360099999999584
0.06346519999999956
0.06407770000000035
0.056649300000000125
0.05368279999999981
0.062110000000000554
0.06186000000000025
0.06815709999999964
0.05678120000000053
0.06388339999999992
0.0586745999999998
0.06236759999999997
0.050670799999999794
0.0692617000000002
0.06291840000000004
0.05398689999999995
0.052307500000000395
0.06809020000000032
0.05178230000000017
0.04348189999999974
0.06508720000000068
0.05593409999999999
0.06878009999999968
0.07234050000000014
0.06536510000000018
0.0663695999999998
0.06550209999999979
0.07073399999999985
0.06642089999999978
0.06726799999999944
0.06647829999999999
0.06612249999999964
0.0707873999999995
0.06880489999999995
0.07166110000000003
0.06979190000000024
0.06591160000000063
0.07717370000000034
0.0698925999999993
0.07048590000000043
0.060192199999999474
0.057742500000000696
0.05114899999999967
0.035730499999999665
0.04797399999999996
0.04382249999999921
0.05784909999999854
0.06013639999999931
0.05362430000000096
0.05774539999999995
0.06112990000000096
0.058974199999999755
0.05860889999999941
0.06391439999999982
0.07608290000000117
0.07525369999999931
0.058509400000000156
0.05498370000000108
0.046081900000000786
0.06137350000000019
0.04477770000000092
0.04813139999999905
0.05294660000000029
0.037981900000000124
0.04961319999999958
0.05040379999999978
0.06351809999999958
0.06585670000000121
0.059381600000000034
0.04700779999999938
0.061845700000001
0.05955709999999925
0.05069809999999997
0.056574799999999925
0.044598099999999974
0.044043000000000276
0.06607020000000041
0.06437440000000016
0.040175599999999534
0.06663449999999926
0.04714670000000076
0.03614759999999961
0.053908899999999704
0.04162339999999887
0.04201370000000004
0.052946099999999774
0.045270000000000366
0.04449810000000021
0.03605149999999924
0.06026150000000108
0.07014209999999999
0.03994460000000011
0.050583399999998946
0.04452389999999973
0.04383450000000089
0.053055800000000986
0.05653269999999999
0.04621299999999984
0.04748310000000089
0.051251300000000555
0.0517751999999998
0.045577899999999616
0.06219789999999925
0.04118500000000047
0.047167800000000426
0.05332319999999946
0.05131240000000048
0.05369869999999999
0.054154700000001554
0.08774709999999963
0.05535869999999932
0.060963999999998464
0.04382589999999986
0.05061810000000122
0.06323100000000004
0.05147329999999961
0.05417079999999963
0.05678170000000016
0.03697930000000049
0.05216620000000027
0.03780500000000053
0.05835320000000088
0.05699719999999964
0.04960499999999968
0.057597999999998706
0.06024759999999851
0.06524009999999869
0.05461589999999994
0.03551329999999986
0.0329265000000003
0.050849000000001254
0.044387399999999744
0.04541380000000039
0.039278499999999994
0.04016449999999949
0.039054099999999536
0.03734739999999981
0.03913200000000039
0.043783700000000536
0.05046669999999942
0.04716119999999968
0.038400199999999884
0.05046779999999984
0.03454400000000035
0.057605099999999965
0.04046499999999931
0.04082209999999975
0.047792700000000465
0.07520639999999901
0.03529500000000141
0.042920999999999765
0.03541719999999948
0.06356070000000003
0.05015269999999994
0.040530399999999744
0.04246640000000035
0.04183080000000139
0.0520706999999998
0.04433949999999953
0.040564400000000944
0.051148000000001304
0.046918600000001476
0.037624500000001504
0.043988099999999974
0.04526970000000041
0.035964899999999744
0.03747169999999933
0.0444545999999999
0.038508700000001284
0.06950490000000009
0.04687640000000037
0.047063200000000194
0.03747639999999919
0.04315210000000036
0.0503158999999993
0.0421990000000001
0.04312079999999874
0.03304150000000128
0.03670860000000076
0.05439240000000112
0.04848090000000127
0.04022359999999914
0.04153280000000059
0.0414747000000002
0.03345099999999945
0.03873599999999833
0.05158690000000021
0.04959740000000146
0.04048120000000033
0.04739629999999906
0.063756699999999
0.04438860000000133
0.04231129999999972
0.039497100000000174
0.04030969999999989
0.044721800000001366
0.060122899999999646
0.044069600000000264
0.047416400000001246
0.055319699999998306
0.05249429999999933
0.050890000000002544
0.0384089000000003
0.037342100000000045
0.04182439999999943
0.040473699999999724
0.04726429999999837
0.03837949999999779
0.03676090000000087
0.046885700000000696
0.03817640000000111
0.0694529000000017
0.050552300000003214
0.04419279999999759
0.03741979999999856
0.03665579999999835
0.044714400000000154
0.042243900000002554
0.04959829999999954
0.05258740000000017
0.0408900999999986
0.047310199999998304
0.04171179999999808
0.04271659999999855
0.04105769999999964
0.04186899999999838
0.05280450000000059
0.0490056999999986
0.0576989999999995
0.04135439999999946
0.03897849999999892
0.06109129999999752
0.05289189999999877
0.042356299999998015
0.04159299999999888
0.03484600000000171
0.05309490000000139
0.03543690000000055
0.04395320000000069
0.046270299999999764
0.04247700000000165
0.05820290000000128
0.05219720000000194
0.03767960000000059
0.037676799999999844
0.05485869999999693
0.04351159999999865
0.045520799999998474
0.03215840000000014
0.04647689999999827
0.04221250000000154
0.037181400000001474
0.06104619999999983
0.06824819999999931
0.06827269999999785
0.067214400000001
0.0689276999999997
0.07126169999999732
0.07274680000000089
0.06764760000000081
0.070491999999998
0.07397089999999906
0.06820229999999938
0.06615719999999925
0.04448289999999844
0.03446840000000151
0.054339600000002264
0.05602580000000046
0.06298400000000015
0.042272599999996885
0.05684620000000251
0.05732109999999935
0.054564700000000244
0.04681659999999965
0.040650700000000484
0.04861010000000121
0.06495350000000144
0.055563400000000485
0.0563375999999991
0.04157889999999753
0.05207289999999887
0.04412549999999982
0.051475100000001106
0.04655469999999795
0.04601629999999801
0.05110400000000226
0.0675329999999974
0.04144850000000133
0.05861360000000104
0.057572999999997876
0.04608809999999863
0.0410232999999991
0.04347290000000115
0.04177299999999917
0.07122610000000051
0.06421939999999893
0.06833859999999703
0.05994280000000174
0.04890920000000065
0.05057899999999904
0.04141309999999976
0.041691900000000004
0.04295899999999975
0.0559724000000017
0.06661539999999988
0.053141399999997674
0.03394400000000175
0.04541049999999913
0.046473200000001214
0.05730570000000057
0.05377580000000037
0.04758069999999748
0.05311269999999979
0.05100930000000048
0.04286350000000283
0.049676100000002776
0.06856289999999987
0.0654381000000015
0.05917129999999915
0.06964569999999881
0.06695519999999888
0.07462480000000227
0.07121379999999888
0.07067070000000086
0.06548109999999951
0.0632431000000011
0.05933160000000015
0.05785980000000279
0.07005350000000021
0.0687349000000026
0.07082229999999967
0.06876319999999936
0.0704835000000017
0.0710374999999992
0.07130120000000062
0.07035920000000218
0.07279370000000185
0.06840240000000009
0.06927989999999795
0.07007139999999978
0.06929290000000066
0.06611580000000217
0.0377629000000006
0.059734500000001134
0.03856760000000037
0.04752679999999998
0.05751899999999921
0.04853840000000176
