0.0747059000000001
0.0731326000000001
0.07257979999999997
0.074214
0.06747180000000008
0.07050550000000011
0.0708335
0.06706849999999998
0.07393580000000011
0.07084059999999992
0.06561869999999992
0.06981569999999993
0.05891780000000013
0.07047239999999988
0.05160169999999997
0.0663977
0.07063070000000016
0.06658750000000024
0.06215370000000009
0.05814589999999997
0.05152619999999963
0.06067369999999972
0.05150850000000018
0.05979629999999991
0.06334829999999991
0.055132099999999795
0.0643161000000001
0.06277840000000001
0.06366620000000012
0.06020549999999991
0.05509459999999988
0.06665339999999986
0.07457849999999988
0.07014109999999985
0.06777569999999988
0.06446130000000005
0.06855689999999992
0.06951100000000032
0.06577569999999966
0.06632300000000058
0.06933930000000021
0.07237440000000017
0.06558499999999956
0.07067949999999978
0.06987520000000025
0.06256340000000016
0.07073549999999962
0.07119250000000044
0.06907689999999977
0.07147039999999993
0.06488929999999993
0.06553349999999991
0.06740220000000008
0.06955389999999984
0.06571320000000025
0.06708909999999957
0.06604330000000047
0.06504459999999934
0.06696550000000023
0.06540780000000002
0.0684780000000007
0.07107609999999998
0.0722668999999998
0.0677783999999999
0.06616469999999985
0.06095710000000043
0.0586815000000005
0.05305099999999996
0.07367770000000018
0.052892600000000733
0.05055009999999971
0.05445040000000034
0.06038060000000023
0.053289999999999615
0.054436399999999274
0.05592780000000008
0.06099949999999943
0.07518609999999981
0.06543100000000024
0.06529320000000016
0.05173740000000038
0.05873859999999986
0.057103299999999635
0.05641699999999972
0.05672259999999962
0.06736620000000038
0.0513104000000002
0.0658859000000005
0.060067500000000607
0.06260080000000023
0.04424280000000014
0.0746052000000006
0.04515479999999972
0.05287440000000032
0.06622959999999978
0.05360049999999994
0.05714370000000013
0.04078029999999888
0.05491220000000041
0.04367980000000138
0.06441459999999921
0.04931520000000056
0.04618750000000027
0.06329180000000001
0.05122099999999996
0.038617200000000906
0.04170620000000014
0.051433300000001125
0.05372649999999979
0.040512900000001295
0.043968200000000124
0.051102099999999595
0.05603710000000106
0.06140719999999966
0.04667470000000051
0.0651913000000004
0.05893440000000005
0.05987290000000023
0.05316939999999981
0.04695199999999922
0.049534299999999476
0.04459969999999913
0.047909699999999944
0.05236339999999906
0.04987279999999927
0.04265070000000115
0.047307800000000455
0.05178040000000017
0.052818099999999646
0.04913740000000111
0.06051130000000171
0.05940089999999998
0.03851110000000091
0.048692799999999536
0.04262669999999957
0.04581920000000039
0.058008299999999124
0.03897849999999892
0.06247139999999973
0.049849299999999985
0.05965729999999958
0.051120899999999025
0.04391110000000076
0.04807450000000024
0.04373219999999911
0.05041029999999935
0.05763680000000093
0.04539090000000101
0.04480940000000011
0.04577779999999976
0.07258889999999951
0.06750569999999989
0.06985949999999974
0.06868530000000028
0.06789950000000111
0.06945409999999974
0.06919139999999935
0.07157950000000035
0.07408829999999966
0.07410859999999886
