0.08005280000000004
0.0797521000000001
0.0755865
0.07817629999999998
0.08237870000000003
0.07357900000000006
0.07427019999999995
0.07011660000000042
0.07734770000000024
0.060432800000000064
0.05437890000000012
0.054311600000000126
0.043340500000000226
0.05716030000000005
0.03594620000000015
0.04505710000000018
0.04226159999999979
0.04346810000000012
0.0370579000000002
0.04390749999999999
0.039924499999999696
0.06160280000000018
0.037704699999999924
0.04473299999999991
0.03834550000000014
0.06752270000000005
0.05845929999999999
0.06461870000000003
0.059842199999999846
0.04574060000000024
0.04391759999999989
0.04478289999999996
0.05250930000000009
0.05379479999999992
0.038811700000000116
0.04493500000000017
0.05321940000000014
0.052917799999999904
0.04150589999999976
0.04081770000000029
0.06271970000000016
0.04495080000000007
0.04732309999999984
0.04744079999999995
0.06265880000000035
0.057367499999999794
0.06457739999999923
0.059958100000000236
0.05620840000000005
0.06006610000000023
0.044506799999999735
0.05244289999999996
0.0568534000000005
0.043867799999999235
0.05429879999999976
0.03669559999999983
0.044109399999999965
0.03744899999999962
0.03578170000000025
0.057819699999999585
0.06514940000000013
0.03866190000000014
0.05915490000000023
0.06359549999999992
0.06075929999999996
0.06616740000000032
0.05656049999999979
0.043224100000000654
0.038088300000000075
0.03445549999999997
0.047052299999999825
0.05624560000000045
0.053942699999999455
0.04432780000000047
0.037258800000000036
0.04318869999999997
0.05426909999999996
0.04613059999999969
0.06652530000000034
0.05432470000000045
0.05002900000000032
0.06404420000000055
0.054629499999999886
0.060563100000000425
0.06720870000000012
0.0588829999999998
0.043582699999999974
0.04717890000000047
0.03390390000000032
0.0427206
0.04430629999999969
0.057009100000000146
0.04132169999999924
0.049803599999999726
0.04838120000000057
0.032063299999999906
0.061779200000000145
0.06664709999999996
0.04686599999999963
0.0526743999999999
0.06109540000000013
0.06399699999999964
0.0622676000000002
0.06501170000000034
0.053910899999999984
0.048264299999999594
0.052908299999999464
0.0381613999999999
0.04488999999999965
0.036809700000000056
0.05355189999999954
0.03504350000000045
0.04600819999999928
0.05608669999999982
0.030664500000000317
0.05586289999999927
0.05345960000000005
0.04444410000000065
0.04033749999999969
0.0388073999999996
0.05910669999999918
0.05995760000000061
0.05842349999999996
0.061321400000000637
0.047876000000000474
0.03995239999999889
0.03633240000000093
0.043735800000000324
0.07945269999999915
0.08586900000000064
0.03251189999999937
0.04698840000000004
0.0447337000000001
0.046201800000000404
0.03709139999999955
0.06471729999999987
0.04195280000000068
0.0327831000000014
0.03921929999999918
0.06572440000000057
0.0662749999999992
0.052597600000000355
0.058285699999999
0.054233899999999835
0.03806170000000009
0.03467700000000029
0.03998749999999873
0.03627509999999923
0.038040600000000424
0.03544000000000125
0.043556099999999986
0.045394799999998625
0.061545900000000486
0.07881029999999889
0.06574569999999902
0.07504160000000049
0.07748450000000062
0.07636610000000132
0.07129040000000053
0.07142999999999944
0.06326229999999988
0.05761439999999851
0.04088649999999916
0.03757230000000078
0.05707850000000114
0.0562421999999998
0.04332989999999981
0.04054480000000105
0.07053480000000079
0.08052849999999978
0.06921410000000172
0.07342639999999889
0.06997499999999945
0.07061230000000052
0.07032500000000041
0.07313639999999921
0.060311699999999746
0.04740300000000097
0.04959460000000071
0.06351489999999949
0.06090079999999887
0.0646166000000008
0.04942259999999976
0.05918319999999966
0.04292080000000098
0.05810020000000016
0.05499469999999995
0.04145310000000002
0.050096599999999825
0.061699700000000135
0.06426339999999975
0.05752950000000112
0.05724259999999859
0.044310899999999265
0.04342820000000103
0.038164899999999946
0.0373733000000005
0.041818300000000974
0.04058220000000112
0.049576999999999316
0.04112909999999914
0.044184899999999416
0.041536999999999935
0.05370840000000143
0.03318740000000098
0.039165500000001074
0.061355200000001275
0.035789199999999965
0.03658049999999946
0.04026919999999912
0.05320239999999998
0.05422629999999984
0.05190269999999941
0.05583790000000022
0.05261870000000002
0.05387610000000009
0.04942370000000018
0.04072060000000022
0.037513999999999825
0.03910800000000059
0.037346199999999996
0.032873999999999626
0.04054120000000161
0.04124630000000096
0.03755729999999957
0.04798420000000014
0.038442300000001595
0.06233480000000036
0.04102770000000078
0.04931730000000023
0.05299150000000097
0.05366840000000117
0.05380500000000055
0.05307900000000032
0.05117189999999994
0.044238599999999906
0.03756350000000097
0.043101000000000056
0.03845090000000084
0.05903429999999865
0.0543724000000001
0.04851829999999957
0.03364619999999974
0.03624669999999952
0.05052970000000023
0.045534299999999917
0.05909289999999956
0.048292299999999955
0.03765450000000037
0.03867029999999971
0.0467367000000003
0.051588100000000026
0.05582039999999999
0.0523593999999985
0.05997439999999976
0.040768799999998606
0.046068599999999904
0.03719349999999899
0.03735309999999892
0.05324560000000034
0.044748300000000185
0.036826500000000095
0.03133330000000001
0.04193270000000027
0.04391299999999987
0.04855210000000021
0.045278699999999006
0.03847039999999957
0.05549230000000094
0.035441199999999284
0.04945480000000124
0.054337699999997824
0.052305199999999274
0.06010840000000073
0.057247600000000176
0.05717160000000021
0.045216700000001
0.035745399999999705
0.044136200000000514
0.05999650000000045
0.044045100000001725
0.048264299999999594
0.0419975000000008
0.04237609999999847
0.044553499999999246
0.03772429999999716
0.053827900000001705
0.0591998000000018
0.035070000000001045
0.04275249999999886
0.05492710000000045
0.06373050000000191
0.04930440000000047
0.047706999999999056
0.05627510000000058
0.043316200000003136
0.039359599999997386
0.04020459999999915
0.034268699999998375
0.03711849999999828
0.04223659999999896
0.04080240000000046
0.037539200000001216
0.0400905999999992
0.04899599999999893
0.04040400000000233
0.048511400000002425
0.056889800000000434
0.06325559999999797
0.042719500000000465
0.03289880000000167
0.04556009999999944
0.054317099999998675
0.053776100000000326
0.058348399999999856
0.05848089999999928
0.0420234999999991
0.03457159999999959
0.03873619999999889
0.04044060000000016
0.0363541000000005
0.047537999999999414
0.04074870000000175
0.03946320000000014
0.040267800000002296
0.03543819999999798
0.03401050000000083
0.03996779999999944
0.04081310000000116
0.05452799999999769
0.051162299999997884
0.032310800000001194
0.04728369999999771
0.0508860999999996
0.06809930000000008
0.058332300000000004
0.05867369999999994
0.04603790000000174
0.046538299999998145
0.031386000000001246
0.04102220000000045
0.04581579999999974
0.03805370000000252
0.04029970000000205
0.05005530000000036
0.037942199999999815
0.04582029999999904
0.04110380000000191
0.03793290000000127
0.054006899999997415
0.04294080000000022
0.03195570000000103
0.04050050000000027
0.06518880000000138
0.06598710000000096
0.06185550000000006
0.053745100000000434
0.042239299999998536
0.03030079999999913
0.044472499999997694
0.04547730000000172
0.03937540000000084
0.04123859999999979
0.035676200000001046
0.0475873
0.03820509999999899
0.036602699999999544
0.03471270000000004
0.058541999999999206
0.03656660000000045
0.0554282999999991
0.037607999999998754
0.03697269999999975
0.030630399999999725
0.05113829999999808
0.05589599999999706
0.052226000000000994
0.05863350000000267
0.05470129999999784
0.041668099999998987
0.03584689999999924
0.03525239999999741
0.0339570000000009
0.04206810000000161
0.04387049999999704
0.04025790000000029
0.038820499999999925
0.048849000000000586
0.03766970000000214
0.03772899999999879
0.046924400000001754
0.04953670000000088
0.057175799999999555
0.04735369999999861
0.05239040000000017
0.05426660000000183
0.047680900000003135
0.054672000000000054
0.057799599999999174
0.04496479999999892
