0.05268819999999996
0.0497517999999999
0.05512359999999994
0.05491820000000014
0.0439757999999999
0.042842499999999895
0.06017309999999987
0.05706610000000012
0.047084499999999974
0.04787019999999975
0.04840959999999983
0.04917499999999997
0.06329239999999992
0.04586660000000009
0.03873369999999987
0.03427559999999996
0.0624397000000001
0.04960000000000031
0.07007949999999985
0.036438299999999924
0.038676299999999664
0.0377019999999999
0.04383320000000035
0.032639000000000085
0.04143729999999968
0.04311260000000017
0.04215670000000005
0.05163189999999984
0.03404309999999988
0.053055000000000074
0.04986800000000002
0.04267390000000004
0.04296539999999993
0.05137740000000024
0.05067390000000005
0.041854499999999906
0.04099619999999993
0.05171429999999999
0.04138240000000026
0.04586580000000007
0.0386934000000001
0.03874469999999963
0.04190240000000012
0.04603950000000001
0.040622500000000006
0.034374899999999986
0.03748929999999984
0.04724189999999995
0.035891100000000176
0.05347800000000014
0.048078299999999796
0.04419629999999941
0.040811599999999615
0.04447550000000078
0.04676960000000019
0.043259899999999796
0.06649510000000003
0.04974109999999943
0.04500580000000021
0.04318299999999997
0.039559599999999584
0.04223569999999999
0.05475799999999964
0.04927449999999922
0.04273810000000022
0.03955010000000048
0.049503399999999864
0.04184739999999998
0.06286919999999974
0.05780550000000062
0.04128130000000052
0.03699999999999992
0.04976810000000054
0.038896000000000264
0.039932399999999646
0.038345700000000704
0.034743999999999886
0.06409779999999987
0.04120589999999957
0.053017800000000115
0.04215629999999937
0.058638400000000424
0.041676999999999964
0.044884600000000496
0.04836859999999987
0.04425549999999934
0.04760340000000074
0.038564400000000276
0.04107890000000047
0.03739139999999974
0.047442699999999505
0.04885850000000058
0.04042849999999998
0.03682820000000042
0.03963300000000025
0.035358100000000725
0.04269099999999959
0.032979300000000045
0.06005279999999935
0.05202799999999996
0.03673760000000037
0.04468479999999975
0.046356900000000145
0.043134600000000134
0.03518790000000038
0.040653499999999454
0.03526429999999969
0.03789050000000049
0.04308809999999941
0.0345127999999999
0.03258040000000051
0.04852939999999961
0.040191499999999714
0.04151749999999943
0.052970000000000184
0.04035909999999987
0.03450810000000004
0.03832889999999978
0.04883020000000027
0.03341169999999938
0.03729419999999983
0.06185950000000062
0.043406200000000617
0.040705199999999664
0.036350399999999894
0.06034619999999968
0.042257199999999884
0.04039280000000023
0.03965489999999949
0.02976049999999919
0.03583120000000051
0.06202910000000017
0.03637710000000016
0.04772880000000068
0.04075139999999955
0.047657499999999686
0.037261800000000456
0.06009790000000059
0.04961920000000042
0.04880780000000051
0.033423499999999606
0.04888279999999945
0.04823430000000073
0.05445930000000132
0.04938770000000048
0.0339710999999987
0.04306700000000063
0.05685629999999975
0.06510760000000104
0.0643287000000008
0.06654939999999954
0.06924600000000147
0.068187
0.0668753000000013
0.06759899999999952
0.0677354999999995
0.06890030000000102
0.06808769999999953
0.056691200000001274
0.0685954000000013
0.042906999999999584
0.05915539999999986
0.0530014000000012
0.05826859999999989
0.06711820000000124
0.06995639999999881
0.06978180000000123
0.0691133999999991
0.06698989999999938
0.07104110000000041
0.07003010000000032
0.0646298999999999
0.06384450000000008
0.044811900000000904
0.050848699999999525
0.06134780000000006
0.053087600000001345
0.05647020000000147
0.0633309999999998
0.05521129999999985
0.06502120000000033
0.0732835999999999
0.06693330000000053
0.06382780000000032
0.06917189999999884
0.06900180000000056
0.057759199999999566
0.04916129999999974
0.05131120000000067
0.04372380000000042
0.046372800000000325
0.06634290000000043
0.0672391999999995
0.07251489999999983
0.07268879999999989
0.06742299999999979
0.06928989999999935
0.06968409999999992
0.07147170000000003
0.07303809999999977
0.07380940000000002
0.06989920000000005
0.06805079999999997
0.061980000000000146
0.05342029999999909
0.06817910000000005
0.05303969999999936
0.06396230000000003
0.06622570000000039
0.05153089999999949
0.061458299999999966
0.0678100999999991
0.06498969999999993
0.043876899999999
0.05336540000000056
0.04609089999999938
0.06161670000000008
0.057332900000000464
0.052867200000001446
0.05638459999999945
0.04676010000000019
0.07338329999999971
0.05397360000000084
0.04497220000000013
0.054148399999998986
0.04260329999999968
0.050278199999999273
0.05388450000000056
0.05047939999999862
0.04525349999999939
0.03801979999999894
0.03977849999999883
0.04715219999999931
0.04950749999999893
0.0639769999999995
0.06836209999999987
0.060511199999998766
0.06512859999999954
0.03771150000000034
0.04212799999999994
0.0668804999999999
0.03798339999999989
0.039734700000000345
0.061459199999999825
0.05305530000000047
0.0693994
0.0739175999999997
0.06882620000000017
0.0664706000000006
0.06843769999999871
0.06823870000000021
0.0675605000000008
0.06935469999999988
0.07110109999999992
0.0588798999999991
0.06327959999999955
0.05785710000000144
0.04445869999999985
0.04884239999999984
0.058473600000001014
0.043602599999999825
0.059916400000000536
0.05194999999999972
0.04476269999999971
0.0506101000000001
0.0521528
0.051442699999999064
0.04467450000000106
0.033138999999998475
0.04685989999999762
0.039001400000000075
0.038007000000000346
0.04493799999999837
0.05115809999999854
0.054560599999998516
0.06460050000000095
0.0530122999999989
0.04752480000000148
0.0484094000000006
0.044463400000001485
0.04647619999999719
0.039447299999999075
0.03596819999999923
0.05009409999999903
0.045987300000000175
0.045074400000000736
0.04530630000000002
0.05464729999999918
0.054811999999998307
0.04899040000000099
0.06014779999999931
0.05554419999999993
0.032883699999999294
0.05841209999999819
0.05353639999999871
0.06311739999999944
0.048111900000002095
0.04068690000000075
0.0333219999999983
0.055915999999999855
0.049685700000001276
0.046620699999998294
0.05087729999999979
0.036878200000000305
0.05432479999999984
0.03504429999999914
0.054353899999998845
0.053366600000000375
0.05227589999999793
0.06464500000000228
0.051047899999996815
0.06063010000000091
0.0573354999999971
0.0417424000000004
0.04720479999999938
0.053640900000001324
0.06501150000000067
0.03444760000000002
0.04201850000000107
0.061478400000002154
0.06439419999999885
0.04798810000000131
0.046670300000002385
0.05305789999999888
0.04307320000000203
0.04903230000000036
0.04645569999999921
0.03733629999999977
0.03466439999999693
0.03871300000000133
0.049337900000001156
0.0742233999999975
0.05008279999999843
0.04472780000000043
0.06425969999999737
0.054925499999999516
0.04518230000000045
0.03866100000000117
0.050630099999999345
0.04992990000000219
0.05066150000000036
0.046290500000001344
0.05297260000000037
0.04351450000000057
0.0470891999999985
0.0450014000000003
0.044743599999996775
0.05107359999999872
0.03933220000000048
0.035025300000000925
0.06435000000000102
0.051374299999999096
0.032361600000001545
0.034195600000000326
0.05583400000000083
0.0399698000000015
0.04259739999999823
0.04138749999999902
0.03248450000000247
0.060556999999999306
0.04383390000000276
0.040617799999999704
0.04790660000000102
0.035399399999999304
0.03551609999999883
0.047768900000001224
0.0481777000000001
0.03357249999999823
0.04315109999999933
0.03318940000000126
0.049965199999999044
0.04803090000000054
0.06504219999999705
0.04183439999999905
0.04420460000000048
0.043956899999997745
0.03809260000000236
0.04173360000000059
0.033305600000002045
0.03653059999999897
0.04179110000000108
0.04168289999999786
0.04095620000000011
0.047438899999999506
0.05592569999999952
0.04533580000000015
0.0384896000000019
0.06388630000000006
0.07033819999999835
0.04064189999999712
0.03822449999999833
0.0389179999999989
0.06405900000000031
0.047204999999998165
0.04147509999999954
0.04649619999999999
0.06321150000000131
0.044317899999999355
0.03694240000000093
0.04035820000000001
