0.02026100002694875
0.025358399958349764
0.027069600007962435
0.019476099987514317
0.018245300045236945
0.018756299978122115
0.020315099973231554
0.01816880004480481
0.018222499988041818
0.017981800017878413
0.018362199945840985
0.020627799967769533
0.018131099990569055
0.01872880000155419
0.019768500002101064
0.018161300045903772
0.019695599970873445
0.02388629998313263
0.018501300015486777
0.01903849997324869
0.018296100024599582
0.026235400000587106
0.018128499970771372
0.019904300046619028
0.018863199977204204
0.018153299984987825
0.018150400021113455
0.018352199986111373
0.027912999968975782
0.01914360001683235
0.020854700007475913
0.018176999990828335
0.017993499990552664
0.01802209997549653
0.01811140001518652
0.01807570003438741
0.018029099970590323
0.018154399993363768
0.01825480000115931
0.018465999979525805
0.018254399998113513
0.018093799997586757
0.018761200015433133
0.018015499983448535
0.018199499987531453
0.018161899992264807
0.018347900011576712
0.018113800033461303
0.01836280000861734
0.01803410000866279
0.018030299979727715
0.018228699977044016
0.019848000025376678
0.019596799975261092
0.018655700027011335
0.018803799990564585
0.018462900014128536
0.018150700023397803
0.01941929996246472
0.01810200000181794
0.02022850001230836
0.018115999992005527
0.017998200026340783
0.02610309998271987
0.020437899976968765
0.01837479998357594
0.01808000000892207
0.01963410002645105
0.019690899993292987
0.020124199974816293
0.020586300001014024
0.018351700040511787
0.018123599991668016
0.018415700003970414
0.01903269998729229
0.018173900025431067
0.019647200009785593
0.018375699990428984
0.01839440001640469
0.018316200003027916
0.01785930001642555
0.018181400024332106
0.019232999999076128
0.019468699989374727
0.01994239998748526
0.018047999998088926
0.018458399979863316
0.017862599983345717
0.018055299995467067
0.01794980000704527
0.017787399992812425
0.01810639997711405
0.01780420000432059
0.017976900038775057
0.01773020002292469
0.017627299996092916
0.017632899980526417
0.01804910000646487
0.017929700028616935
0.018196000019088387
0.01762060000328347
0.02005230000941083
0.01888609997695312
0.023101599945221096
0.019777000008616596
0.01947559998370707
0.020572400011587888
0.02239320002263412
0.019049700000323355
0.019470400002319366
0.020113100006710738
0.020845400053076446
0.01946250000037253
0.021586300048511475
0.01974410004913807
0.018229899986181408
0.01880580000579357
0.019388900022022426
0.01879389997338876
0.018730200012214482
0.020235400006640702
0.01866049994714558
0.022096400032751262
0.019008199975360185
0.01954519998980686
0.01900149998255074
0.01944449997972697
0.020385100040584803
0.01836739998543635
0.018812199996318668
0.018473800038918853
0.018248099950142205
0.018048500001896173
0.018108000047504902
0.018240999954286963
0.018174000026192516
0.018656799977179617
0.0197084000101313
0.01809339999454096
0.01804320001974702
0.018253799993544817
0.018210900016129017
0.018148600007407367
0.01831700000911951
0.01814509998075664
0.018833599984645844
0.01818079996155575
0.020138499967288226
0.018186300003435463
0.018144699977710843
0.018298599985428154
0.017858800012618303
0.01825349999126047
0.018351799983065575
0.01815100002568215
0.018403199966996908
0.018114900041837245
0.018868899962399155
0.017968500033020973
0.02025780000258237
0.01981339999474585
0.017892299976665527
0.0182504000258632
0.018831599969416857
0.01864750002278015
0.01930109999375418
0.01839560002554208
0.020065999997314066
0.018674999999348074
0.018372699967585504
0.022243700048420578
0.01848899998003617
0.018137299979571253
0.01805319997947663
0.019543100032024086
0.0181940000038594
0.0214523000176996
0.018122199981007725
0.018484800006262958
0.0181375999818556
0.018030799983534962
0.018495799973607063
0.0182428999687545
0.01904480002122
0.018043499963823706
0.018235799972899258
0.018042500014416873
0.0184414999675937
0.018270900007337332
0.018020300019998103
0.018520499987062067
0.018409500014968216
0.01954970002407208
0.018111999961547554
0.018045400036498904
0.01808599999640137
0.018142600019928068
0.018133100005798042
0.018120999971870333
0.018127100018318743
0.01801479997811839
0.018074699968565255
0.018042099953163415
0.018150000018067658
0.01763280003797263
0.01790089998394251
0.01824760000454262
0.019415599992498755
0.018239500001072884
0.018152300035580993
0.017938099976163357
0.01796139997895807
0.018262799945659935
0.018018800008576363
0.021350900002289563
0.025452900037635118
0.01993489998858422
0.018102900008670986
0.01804170000832528
0.019067099958192557
0.018521300051361322
0.019473900028970093
0.018196300021372736
0.018051499966531992
0.018387800024356693
0.018510299967601895
0.018170700001064688
0.017881000007037073
0.019441300013568252
0.017898900026921183
0.020540400000754744
0.019233900005929172
0.01800460001686588
0.01821940002264455
0.017978599993512034
0.01807540003210306
0.018849499989300966
0.01943440001923591
0.01831859996309504
0.018909000034909695
0.018261999997776
0.018177299993112683
0.01873050001449883
0.02053199999500066
0.023185300000477582
0.027339400025084615
0.020506000029854476
0.019163999997545034
0.01844449999043718
0.018462000007275492
0.0184725999715738
0.018261999997776
0.018276600050739944
0.02513550000730902
0.021314700017683208
0.017974300018977374
0.027436100004706532
0.019445199985057116
0.018608500016853213
0.01824740000301972
0.018061899987515062
0.018176799989305437
0.018020000017713755
0.01796729996567592
0.01855839998461306
0.017978499992750585
0.021586299990303814
0.018251400033477694
0.018557599978521466
0.018165100016631186
0.018189000023994595
0.018894099979661405
0.018560600001364946
0.020159100007731467
0.01868169999215752
0.01810370001476258
0.01825939997797832
0.01808170002186671
0.017763499985449016
0.01809179998235777
0.017841900000348687
0.03257169999415055
0.02168489998439327
0.017962099984288216
0.017837700026575476
0.0182875000173226
0.018058300018310547
0.018694199970923364
0.018171300005633384
0.018941499991342425
0.0180520000285469
0.018063099996652454
0.018430299998726696
0.021808299992699176
0.01829789998009801
0.018191800045315176
0.018181699968408793
0.0210182000300847
0.018019999959506094
0.01829640002688393
0.018182599975261837
0.018188900023233145
0.018118300009518862
0.01844600000185892
0.018405399983748794
0.018006400030571967
0.018046699988190085
0.024467999988701195
0.018264800019096583
0.01809500000672415
0.018134600017219782
0.019432100001722574
0.017780399997718632
0.01799700001720339
0.01800749998074025
0.018030300037935376
0.017978299991227686
0.018307799997273833
0.017998100025579333
0.01981199998408556
0.01968470000429079
0.017990400025155395
0.018638200010173023
0.018022699980065227
0.01796770002692938
0.018214299983810633
0.01793650002218783
0.02014679997228086
0.01804170000832528
0.017948799999430776
0.018671900033950806
0.017995200003497303
0.017987100000027567
0.01804290001746267
0.019182699965313077
0.018047699995804578
0.019732900022063404
0.02025050000520423
0.01805479999165982
0.01797510002506897
0.01761470001656562
0.01834939996479079
0.018853100016713142
0.018730200012214482
0.018193099997006357
0.017985599988605827
0.01817329996265471
0.017994499998167157
0.017956299998331815
0.01806070003658533
0.018833599984645844
0.01883000001544133
0.019418400013819337
0.017907199973706156
0.018073800019919872
0.01796879997709766
0.017877800040878356
0.017846699978690594
0.018002500000875443
0.01856599998427555
0.01793760003056377
0.018055399996228516
0.017978499992750585
0.017907800036482513
0.017888500005938113
0.018189099966548383
0.01851429999805987
0.017896699951961637
0.017815800034441054
0.021780200011562556
0.018255800008773804
0.01830080000218004
0.017966400017030537
0.01797190000070259
0.019672399968840182
0.019445099984295666
0.017909000045619905
0.01826949999667704
0.017990599968470633
0.017932999995537102
0.018144699977710843
0.018461700004991144
0.02195870003197342
0.020772900024894625
0.019251099962275475
0.019055799988564104
0.019451099971774966
0.023172800021711737
0.026739299995824695
0.022825299995020032
0.021334699995350093
0.019355399999767542
0.019373899966012686
0.020589500025380403
0.022012999979779124
0.01992589997826144
0.019695400027558208
0.019037799967918545
0.018999400024767965
0.01849909999873489
0.018587599974125624
0.0252866999944672
0.02092909999191761
0.019517899956554174
0.01997050002682954
