0.021277400000144553
0.019307100000332866
0.019500299999890558
0.018411400000331923
0.020243000000391476
0.02039229999991221
0.018507700000100158
0.01930159999983516
0.020870500000000902
0.019260900000062975
0.01917460000004212
0.019334199999775592
0.019774299999880895
0.018506799999613577
0.023786400000062713
0.018609100000048784
0.019505199999912293
0.01984149999998408
0.020683400000052643
0.018804499999987456
0.020251099999768485
0.018705599999975675
0.01870539999981702
0.02059980000012729
0.018570800000361487
0.01871849999997721
0.020339199999853008
0.019480899999962276
0.019129400000110763
0.01829330000009577
0.018341899999995803
0.02177209999990737
0.02051839999967342
0.01887940000005983
0.02121259999967151
0.018775300000015704
0.018504699999994045
0.01868579999973008
0.01903020000008837
0.018817399999988993
0.02688739999985046
0.03496150000000853
0.01936950000026627
0.01848119999976916
0.02076360000000932
0.018336099999942235
0.018539800000326068
0.01870280000002822
0.02185730000019248
0.029182599999785452
0.019042200000058074
0.01862249999976484
0.019954599999891798
0.01829909999969459
0.019752000000153203
0.01961189999974522
0.019037999999909516
0.01920429999972839
0.018951099999867438
0.020054300000083458
0.039589299999988725
0.022394299999632494
0.019297800000003917
0.018830900000011752
0.021681100000023434
0.0185287000003882
0.01950810000016645
0.03315299999985655
0.01945880000039324
0.03223710000020219
0.01890380000031655
0.020007999999961612
0.019053299999995943
0.01915370000006078
0.03311699999994744
0.01883240000006481
0.020569499999965046
0.018944500000088738
0.019043799999963085
0.020066500000211818
0.018521299999974872
0.018406099999992875
0.018377500000042346
0.01909129999967263
0.02024070000015854
0.018739199999799894
0.018506699999761622
0.01834659999985888
0.01917460000004212
0.019902900000033696
0.021471099999871512
0.019250299999839626
0.019661199999973178
0.018958999999995285
0.021688799999992625
0.02873619999991206
0.02032630000030622
0.021770599999854312
0.02077159999998912
0.01931800000011208
0.02226010000003953
0.0485460999998395
0.01881890000004205
0.021298399999977846
0.018329300000004878
0.01894010000023627
0.022555000000011205
0.019669299999804934
0.03022480000026917
0.02625660000012431
0.01913509999985763
0.019476699999813718
0.021100200000091718
0.01895280000007915
0.040654800000083924
0.018996599999809405
0.022403299999950832
0.018705599999975675
0.018371899999692687
0.018361299999924086
0.02018980000002557
0.018239700000322046
0.01980470000034984
0.02036229999976058
0.01893099999961123
0.01857579999978043
0.018356799999764917
0.018325300000014977
0.01840970000012021
0.01870950000011362
0.026659699999981967
0.018521399999826826
0.018209899999874324
0.02891849999969054
0.018339799999921524
0.018641999999999825
0.019370900000012625
0.018551899999692978
0.01926359999970373
0.018320499999845197
0.018166999999721156
0.018357999999807362
0.01838420000012775
0.020668299999670126
0.02656890000025669
0.018595499999719323
0.018770900000163238
0.018157999999857566
0.018782500000270375
0.018691300000227784
0.018520300000091083
0.018442700000377954
0.02105139999957828
0.018305900000086694
0.02889999999979409
0.01857560000007652
0.01830859999972745
0.018422599999667
0.031032600000344246
0.03342389999988882
