0.023102300008758903
0.021541499998420477
0.02005049999570474
0.019158899958711118
0.018567899998743087
0.020492500043474138
0.019231999991461635
0.019195000000763685
0.018673699989449233
0.02349080005660653
0.03423690004274249
0.03490630001761019
0.027181799989193678
0.02355899999383837
0.018928300007246435
0.018439200008288026
0.01985189999686554
0.020473300013691187
0.020063100033439696
0.018812900001648813
0.018974000005982816
0.018837800016626716
0.019005499954801053
0.0211233000154607
0.01880149997305125
0.020203799998853356
0.019273199955932796
0.0191554999910295
0.0190565999946557
0.022503700049128383
0.01941660000011325
0.01896150002721697
0.018822000012733042
0.018880899995565414
0.0188444999512285
0.01873950002482161
0.018742999993264675
0.01861190004274249
0.018416899954900146
0.0183377000503242
0.018357899971306324
0.018428899988066405
0.018574099987745285
0.018586000020150095
0.023356700025033206
0.021146700019016862
0.019102799997199327
0.018252799985930324
0.018399499997030944
0.019010899995919317
0.018186300003435463
0.019504199968650937
0.019956600037403405
0.03158209996763617
0.01950399996712804
0.018157700018491596
0.01893049996579066
0.020073499996215105
0.019341600011102855
0.03144869999960065
0.018873199995141476
0.01999249996151775
0.02518450003117323
0.018041100003756583
0.018787299981340766
0.018918099987786263
0.018435099977068603
0.019648200017400086
0.0181997999898158
0.018377300002612174
0.019780399976298213
0.023338600003626198
0.01931539998622611
0.018383999995421618
0.020226499997079372
0.01823409995995462
0.0181142000365071
0.03224749997025356
0.01831730001140386
0.01813939999556169
0.019636499986518174
0.017675900016911328
0.01846239995211363
0.018140400003176183
0.018318900023587048
0.01825630001258105
0.018055599997751415
0.01818079996155575
0.018583099998068064
0.01852169999619946
0.01878670003497973
0.018261599994730204
0.018244699982460588
0.018301800009794533
0.018648099969141185
0.018155300000216812
0.020159600011538714
0.018614500004332513
0.01866210001753643
0.018849799991585314
0.018578599963802844
0.018296700029168278
0.01819679996697232
0.019953900016844273
0.018932899984065443
0.01862980000441894
0.018307399994228035
0.018395200022496283
0.018242100020870566
0.022347999969497323
0.01967140001943335
0.018332500010728836
0.019812399987131357
0.018257600022479892
0.02022069995291531
0.024285399995278567
0.01844890002394095
0.018404699978418648
0.018445399997290224
0.01876750000519678
0.019285599992144853
0.01821180002298206
0.02000159997260198
0.01819550001528114
0.018344199983403087
0.01835730002494529
0.01829049998195842
0.018261099990922958
0.02001830004155636
0.019739800016395748
0.01837339997291565
0.018630400008987635
0.01830390002578497
0.018270699947606772
0.01857919996837154
0.018071800004690886
0.018658299988601357
0.018395100021734834
0.02025639999192208
0.018375399988144636
0.018188900023233145
0.018470300012268126
0.01853649999247864
0.018378499953541905
0.018988499999977648
0.018316000001505017
0.01840300002368167
0.018589299987070262
0.018210700014606118
0.01831850002054125
0.020089800003916025
0.019618099962826818
0.01879860000917688
0.018796499993186444
0.0181808999623172
0.018504200037568808
0.01977049995912239
0.019655700016301125
0.018673299986403435
0.01818660000571981
0.018652400001883507
0.01855700003216043
0.01950680004665628
0.01794840005459264
0.01793039997573942
0.018202300008852035
0.019710099964868277
0.020128200005274266
0.02049050002824515
0.024368799990043044
0.018809999979566783
0.018302600015886128
0.018079100002069026
0.018807900021784008
0.02043289999710396
0.03098639997188002
0.020137200015597045
0.02220950002083555
0.022041400021407753
0.019363900006283075
0.021716599992942065
0.021180299983825535
0.030718799971509725
0.022764499997720122
0.020096099993679672
0.019338699989020824
0.019326700014062226
0.01949939999030903
0.018790200003422797
0.018251400033477694
0.01821629999903962
0.02508200000738725
0.020627300022169948
0.018680999986827374
0.020269299973733723
0.02036460000090301
0.019712399982381612
0.01898829999845475
0.02006409998284653
0.020875399990472943
0.020500099984928966
0.021972700022161007
0.018873799999710172
0.01962829998228699
0.018583400000352412
0.018438999948557466
0.022149299969896674
0.01889070001197979
0.018537399999331683
0.018599800008814782
0.01825009996537119
0.021148200030438602
0.01900749997003004
0.018417500017676502
0.017695499991532415
0.019993599969893694
0.018504500039853156
0.026980499969795346
0.022159899992402643
0.01827140001114458
0.018409800017252564
0.018316600006073713
0.018391699995845556
0.019062000035773963
0.019554999948013574
0.01829500001622364
0.018439100007526577
0.01815720001468435
0.018514499999582767
0.018093999999109656
0.01830820000031963
0.020367000019177794
0.01818970002932474
0.019764899974688888
0.018178900005295873
0.01807569997617975
0.018207899993285537
0.018209900008514524
0.018529499997384846
0.018346099997870624
0.018113299971446395
0.02002400002675131
0.01818230003118515
0.018327800033148378
0.019058400008361787
0.018821800011210144
0.01862669998081401
0.0188522000098601
0.018622999952640384
0.018607200006954372
0.018464300024788827
0.018546099949162453
0.018326400022488087
0.020519100013189018
0.019891100004315376
0.018406599992886186
0.018507300002966076
0.019573000026866794
0.018094099999871105
0.01933349994942546
0.020284200028982013
0.02092310000443831
0.020245299965608865
0.01833510003052652
0.018332999956328422
0.021647999994456768
0.0184917000005953
0.01830060000065714
0.01946250000037253
0.018589500046800822
0.022040699957869947
0.018117400002665818
0.017895099997986108
0.025460999982897192
0.01809020002838224
0.01846499997191131
0.01915140001801774
0.019456599955447018
0.018968500022310764
0.018320699979085475
0.018113400030415505
0.018140400003176183
0.018236200034152716
0.018030299979727715
0.020261999976355582
0.01807280001230538
0.019573799974750727
0.018262900004629046
0.018129400035832077
0.01816279999911785
0.018153400043956935
0.01800129999173805
0.01805319997947663
0.018142900022212416
0.018122599984053522
0.017613600008189678
0.017945599975064397
0.01786220003850758
0.01787549996515736
0.01800430001458153
0.01806540001416579
0.01810829999158159
0.018060299975331873
0.018071700003929436
0.018393100006505847
0.017738100024871528
0.01832309999736026
0.01988160004839301
0.019238099979702383
0.018050000013317913
0.01804300001822412
0.019865699985530227
0.018175399978645146
0.01921659999061376
0.025484199984930456
0.018107600044459105
0.01815079996595159
0.01807280001230538
0.0180815999628976
0.018178800004534423
0.018121900036931038
0.01886650000233203
0.019369999994523823
0.01757049997104332
0.021214700012933463
0.017962499987334013
0.01780610001878813
0.028549499984364957
0.0189140000147745
0.018270100001245737
0.018564100028015673
0.019487300014588982
0.020704899972770363
0.02790749998530373
0.01929480000399053
0.019029000017326325
0.025635100028011948
0.020602100004907697
0.019810099969618022
0.018335899978410453
0.018639000016264617
0.0180386999854818
0.018966600007843226
0.023450299981050193
0.020559499971568584
0.02572530001634732
0.019494600011967123
0.020469200040679425
0.01813019998371601
0.02706439996836707
0.018246999999973923
0.018391599995084107
0.024189300020225346
0.01920179999433458
0.02272940002148971
0.024688399978913367
0.024312099965754896
0.034791800018865615
0.019334400014486164
0.02510430000256747
0.02868819999275729
0.023338800005149096
0.019816999963950366
0.018720599997323006
0.019167100021149963
0.020166700007393956
0.021214800013694912
0.026971800019964576
0.024650399980600923
0.019695499970111996
0.019710199965629727
0.019626600027550012
0.01818059996003285
0.017978299991227686
0.017988600011449307
0.017950200010091066
0.01874520001001656
0.019041199993807822
0.01933809998445213
0.024124299990944564
0.0179702999885194
0.018490699992980808
0.01869759999681264
0.024800200015306473
0.022039699950255454
0.018041800009086728
0.01935580000281334
0.017988600011449307
0.018128399970009923
0.017989300016779453
0.017922399973031133
0.01800740003818646
0.01799709995975718
0.018021700030658394
0.018064100004266948
0.019714499998372048
0.017852599965408444
0.017723900033161044
0.017557499988470227
0.018486999964807183
0.01787860004696995
0.017830500029958785
0.017747399979270995
0.01819239999167621
0.021689600020181388
0.017807899974286556
0.017783100018277764
0.01771990000270307
0.01936010003555566
0.019498699984978884
