0.027613400015980005
0.019274599966593087
0.01858079998055473
0.019618300022557378
0.01901809999253601
0.02452480001375079
0.01934669999172911
0.019269200041890144
0.022174599987920374
0.020330999977886677
0.019007699971552938
0.02297990000806749
0.019014400022570044
0.01902809995226562
0.020079300040379167
0.021053300006315112
0.018416999955661595
0.018319600028917193
0.01866229996085167
0.018389400036539882
0.018160499981604517
0.018066999968141317
0.018301500007510185
0.025917000020854175
0.01824609999312088
0.01828859996749088
0.019000699976459146
0.018072100006975234
0.018285099999047816
0.018133000005036592
0.01802199997473508
0.018270400003530085
0.019663300015963614
0.0182757000438869
0.017965000006370246
0.018089699966367334
0.0186031999764964
0.02397550002206117
0.01821630005724728
0.01878830004716292
0.0219115000218153
0.01826840004650876
0.018292499997187406
0.018341599963605404
0.01934820000315085
0.019388700020499527
0.020577600051183254
0.02062410005601123
0.0202047000057064
0.01943119999486953
0.019510400015860796
0.018866099999286234
0.024593499954789877
0.018785900028888136
0.018906000012066215
0.018839199969079345
0.018610200029797852
0.018988700001500547
0.018726800044532865
0.018757999991066754
0.02112170000327751
0.02022830001078546
0.019346499990206212
0.019108999986201525
0.0204519999679178
0.02240939997136593
0.01875859999563545
0.01933189999544993
0.018492800008971244
0.024273600021842867
0.019018399994820356
0.01875990000553429
0.01836600003298372
0.018188399961218238
0.018221300037112087
0.0182935000048019
0.018842699995730072
0.018718000035732985
0.01837210002122447
0.018390099983662367
0.018276399991009384
0.018220400030259043
0.01841179997427389
0.018519300036132336
0.019467199977952987
0.018825999984983355
0.018290699983481318
0.018049800011795014
0.018224700004793704
0.02136449998943135
0.01814990001730621
0.019117399991955608
0.01940170000307262
0.01848139998037368
0.018298300041351467
0.018242199963424355
0.01790090004215017
0.0183050999767147
0.019736699992790818
0.018464799970388412
0.020909400016535074
0.019716199953109026
0.01831140002468601
0.018279300013091415
0.018242199963424355
0.018496900040190667
0.01892010000301525
0.01827249996131286
0.018233000009786338
0.01829179999185726
0.018229199980851263
0.019086399988736957
0.018532400019466877
0.020896799978800118
0.018178900005295873
0.019642700033728033
0.01893200003542006
0.018232200003694743
0.018144100031349808
0.01857929996913299
0.018241900019347668
0.01867550000315532
0.01825939997797832
0.02008779998868704
0.02722310001263395
0.01868899998953566
0.018086800002492964
0.01820300001418218
0.018130799988284707
0.018120400025509298
0.018330999999307096
0.017996800015680492
0.018285099999047816
0.017906899971421808
0.018134200014173985
0.017970999993849546
0.018495699972845614
0.017919000005349517
0.018238799995742738
0.01825780002400279
0.017941800004336983
0.01802509999834001
0.017601799976546317
0.020584199985023588
0.017966600018553436
0.02327740000328049
0.018834899994544685
0.018276099988725036
0.01859430002514273
0.018448500020895153
0.018015499983448535
0.01877359999343753
0.01805339998099953
0.018226000014692545
0.0204033000045456
0.019451099971774966
0.01857950002886355
0.0176723999902606
0.01775130000896752
0.018050799961201847
0.017847000039182603
0.017820899956859648
0.01993490004679188
0.017794499988667667
0.017778499983251095
0.017956199997570366
