0.0198890000465326
0.01900289999321103
0.018236699979752302
0.01858510001329705
0.018519299977924675
0.018654200015589595
0.01854960003402084
0.018541299970820546
0.01849759998731315
0.0182877000188455
0.018519399978686124
0.018691299948841333
0.018786200031172484
0.018757499987259507
0.01839440001640469
0.01790219999384135
0.01874219998717308
0.018252299982123077
0.018099499982781708
0.01838830002816394
0.018221599981188774
0.018329199985601008
0.018285500002093613
0.018520699988584965
0.02050410001538694
0.01871410000603646
0.018722300010267645
0.018465700035449117
0.02547160000540316
0.019667899992782623
0.018614600005093962
0.018721300002653152
0.01887989998795092
0.01918840000871569
0.018814300012309104
0.020782999985385686
0.01826939999591559
0.02037490002112463
0.021610299998428673
0.018321200041100383
0.018257199961226434
0.018215499992948025
0.01845189998857677
0.018863600038457662
0.022808699985034764
0.018175599980168045
0.018348800018429756
0.018337299989070743
0.018546300008893013
0.018599800008814782
0.018385800009127706
0.018301100004464388
0.01952750002965331
0.018196599965449423
0.01825780002400279
0.018237899988889694
0.018193199997767806
0.018255400005728006
0.018292699998710304
0.01832869998179376
0.018868999963160604
0.01837170001817867
0.018333900021389127
0.018386000010650605
0.019310699950437993
0.018246699997689575
0.01886230002855882
0.01858220004942268
0.018259899981785566
0.018252999987453222
0.01787270000204444
0.018638900015503168
0.018454500008374453
0.017979600001126528
0.0183730999706313
0.018251000030431896
0.01853909995406866
0.020145100017543882
0.01822669996181503
0.018445399997290224
0.018217500008177012
0.018470900016836822
0.019642599974758923
0.018531300011090934
0.018872299988288432
0.018366999982390553
0.01839559996733442
0.018633600033354014
0.018324100004974753
0.02528500003973022
0.019476399989798665
0.01846809999551624
0.02039429999422282
0.018414099991787225
0.01832579995971173
0.018583099998068064
0.018185499997343868
0.01826550002442673
0.018011200008913875
0.021756499947514385
0.018482699990272522
0.018140200001653284
0.01972460001707077
0.019521899987012148
0.018360899994149804
0.018473400035873055
0.019721199991181493
0.01819839997915551
0.018419899977743626
0.021147899969946593
0.0288484999909997
0.018373000028077513
0.018135099962819368
0.018282800039742142
0.018313300039153546
0.0252049999544397
0.02572650002548471
0.018255700008012354
0.018126699957065284
0.018470700015313923
0.018136700033210218
0.01817329996265471
0.01888450002297759
0.01824139995733276
0.017981700017116964
0.028350799984764308
0.02137820003554225
0.030462199996691197
0.02915349998511374
0.019005400012247264
0.018977099971380085
0.018858299998100847
0.01878099999157712
0.020028800005093217
0.018184799992013723
0.019343299965839833
0.018336800043471158
0.01872880000155419
0.018280400021467358
0.02216769999358803
0.01844879996497184
0.019572600023820996
0.018464199965819716
0.02057930000592023
0.018297399976290762
0.018386000010650605
0.01859689998673275
0.018219700024928898
0.0184605999966152
0.020898799994029105
0.01837050000904128
0.020936999993864447
0.019013800018001348
0.0187214000034146
0.0182681999867782
0.018457500031217933
0.018550099979620427
0.02162870002212003
0.018336599983740598
0.018270600005052984
0.018284999998286366
0.01904300000751391
0.019480700022540987
0.01794089999748394
0.024903499986976385
0.018243500031530857
0.02573559997836128
0.025467599974945188
0.018272400018759072
0.018595200031995773
0.018554600013885647
0.018485600012354553
0.018200899998191744
0.018687000032514334
0.018134299956727773
0.018624500022269785
0.018083899980410933
0.0187218000064604
0.018536999996285886
0.01822359999641776
0.019841999979689717
0.019138699979521334
0.018592100008390844
0.018402499961666763
0.018157900020014495
0.020486900000832975
0.018208499997854233
0.018595999979879707
0.018144299974665046
0.018237700045574456
0.020762500003911555
0.018502700026147068
0.020060200011357665
0.018373999977484345
0.019686800020281225
0.019901399966329336
0.0182875000173226
0.018172200012486428
0.018836400005966425
0.01828160003060475
0.018559699994511902
0.018335300032049417
0.02080769999884069
0.01813049998600036
0.01817940000910312
0.01931109995348379
0.019121200020890683
0.018190499977208674
0.018258700030855834
0.01976579998154193
0.018417600018437952
0.018322499992791563
0.018264200014527887
0.018172499956563115
0.018310800020117313
0.01827260002028197
0.01817019999725744
0.020878199953585863
0.018294500012416393
0.017987600003834814
0.021277999971061945
0.018015799985732883
0.018236600037198514
0.01848019997123629
0.018225800013169646
0.01824589999159798
0.01813330000732094
0.01832149998517707
0.021004299982450902
0.020454699988476932
0.01822229998651892
0.018255300004966557
0.018179800012148917
0.020970000012312084
0.02248060004785657
0.023776100017130375
0.019869400013703853
0.02026250003837049
0.023707999964244664
0.024125700001604855
0.024911399988923222
0.0244300999911502
0.0276202000095509
0.027163200022187084
0.024298999982420355
0.02517119998810813
0.019923599960748106
0.019291100034024566
0.020605700032319874
0.019061900035012513
0.01875280000967905
0.01850079995347187
0.020310799998696893
0.01862839999375865
0.018455200013704598
0.018596099980641156
0.018623400013893843
0.018289299972821027
0.01823560002958402
0.020040799980051816
0.018265900027472526
0.018559200048912317
0.018086500000208616
0.018703199981246144
0.01822850003372878
0.017729900020640343
0.017794899991713464
0.01758949999930337
0.017695700051262975
0.018642299983184785
0.01788010000018403
0.01791850000154227
0.017780099995434284
0.01765749999321997
0.01797769998665899
0.01781059999484569
0.017794699990190566
0.01800320000620559
0.01967859995784238
0.018256900017149746
0.018973700003698468
0.017811300000175834
0.017582500004209578
0.018198099976871163
0.01795140001922846
0.02096329996129498
0.018287800019606948
0.017881200008559972
0.018163600005209446
0.01822659996105358
0.019264700007624924
0.01816430001053959
0.01801759999943897
0.01770520000718534
0.017787699995096773
0.017841199995018542
0.018048199999611825
0.01951989997178316
0.01994550001109019
0.02155460003996268
0.019662699953187257
0.018431500007864088
0.018859000003430992
0.018857299990486354
0.018340100010391325
0.01802949997363612
0.018347300007008016
0.020269199972972274
0.01818810001714155
0.01827709999633953
0.018611399980727583
0.01984309998806566
0.01837950001936406
0.018378100008703768
0.01962370000546798
0.018551599991042167
0.018625600030645728
0.01800880004884675
0.017719700001180172
0.01812470000004396
0.01880440005334094
0.025498200033325702
0.02532799995969981
0.01823290000902489
0.018133700010366738
0.017925199994351715
0.017804000002797693
0.01801940001314506
0.017803800001274794
0.018233499955385923
0.018064800009597093
0.019338299985975027
0.018600400013383478
0.0186905000009574
0.020357700006570667
0.01919860002817586
0.019888499984517694
0.018602000025566667
0.020387900003697723
0.020125300041399896
0.017969199980143458
0.018119200016371906
0.018916699977125973
0.029078899999149144
0.018392099998891354
0.018258599971886724
0.018316400004550815
0.018168499984312803
0.018386300012934953
0.019581199972890317
0.017977300041820854
0.020126399991568178
0.018773799994960427
0.019187700003385544
0.018169299990404397
0.018120900029316545
0.018964799994137138
0.01812729996163398
0.01803410000866279
0.01812299998709932
0.02048750000540167
0.018163800006732345
0.019381999969482422
0.019501900009345263
0.01938379998318851
0.018442399974446744
0.019276400038506836
0.018074299965519458
0.018145599984563887
0.01803130004554987
0.024795499979518354
0.018301300005987287
0.017930799978785217
0.01802060002228245
0.018393200007267296
0.018106999981682748
0.01803699997253716
0.018670300021767616
0.017919000005349517
0.01805759995477274
0.018132500001229346
0.01794350001728162
0.024974900006782264
0.021938799996860325
0.018077899992931634
0.018010800005868077
0.018268699990585446
0.018037299974821508
0.018929500016383827
0.01794359995983541
0.01850080001167953
0.01996770000550896
0.023534299980383366
0.017939899989869446
0.017994800000451505
0.018703600042499602
0.019547799951396883
0.018640700029209256
0.01785800000652671
0.017666100000496954
0.01813489996129647
0.01812899997457862
0.0183244000072591
0.01876020000781864
0.019242599955759943
0.018547300016507506
