0.020606799982488155
0.021653099975083023
0.019797599990852177
0.019907300011254847
0.01971289998618886
0.021892999997362494
0.02049940003780648
0.01985769998282194
0.020067500008735806
0.027217500028200448
0.02123259997460991
0.028492000012192875
0.030086199985817075
0.024535999982617795
0.021040599967818707
0.019591900054365396
0.020304199948441237
0.028032600006554276
0.02273500000592321
0.022304999991320074
0.022955699998419732
0.022537800017744303
0.02177499997196719
0.030076799972448498
0.021430700027849525
0.022828999964985996
0.02194100001361221
0.020521199970971793
0.019254000042565167
0.01941489998716861
0.020268999971449375
0.019258900021668524
0.01936460001161322
0.019386300002224743
0.021196799993049353
0.01934220001567155
0.019457100017461926
0.019265999959316105
0.019327900023199618
0.019351599970832467
0.019488500023726374
0.01957190001849085
0.01958679995732382
0.021490000013727695
0.019338999991305172
0.019248199998401105
0.019363400002475828
0.0195038000238128
0.019455400004517287
0.021356899989768863
0.02270679996581748
0.019995299982838333
0.02005510003073141
0.022232399962376803
0.02020480000646785
0.02212899998994544
0.029992699972353876
0.02182540000649169
0.020621199975721538
0.029455100011546165
0.0287491999915801
0.020044200005941093
0.019335400022100657
0.019265499955508858
0.020879800023976713
0.01932469999883324
0.01916460000211373
0.02068009995855391
0.01933520002057776
0.019255499995779246
0.02083870000205934
0.020790699985809624
0.01931829995010048
0.01934980001533404
0.0192994000390172
0.01980619999812916
0.019671100017149
0.01937350002117455
0.01939590001711622
0.01953489996958524
0.019516000000294298
0.019651099981274456
0.019686400017235428
0.021089899993967265
0.01928740000585094
0.01937039999756962
0.019144099962431937
0.019005400012247264
0.019267400028184056
0.019623999949544668
0.019329499977175146
0.019282199966255575
0.020028600003570318
0.02046829997561872
0.019296900019980967
0.019228499964810908
0.019542000023648143
0.019535499974153936
0.021751899970695376
0.03160280000884086
0.019393299997318536
0.019505899981595576
0.019742200034670532
0.01933179999468848
0.019178999995347112
0.01978969998890534
0.01936149998800829
0.019345699984114617
0.01984329998958856
0.020312100008595735
0.021461499971337616
0.019246999989263713
0.020098600012715906
0.01966520003043115
0.02050680003594607
0.024528499983716756
0.019298999977763742
0.02070710004772991
0.019383199978619814
0.019369999994523823
0.020620499970391393
0.02100500004598871
0.019228900026064366
0.01954680000199005
0.01929909997852519
0.0197319999570027
0.019337200035806745
0.019270299992058426
0.019491599989123642
0.01953779999166727
0.01953029999276623
0.019655299955047667
0.019456800015177578
0.01919560000533238
0.0193349999608472
0.01935730001423508
0.01937659998657182
0.01933510001981631
0.019045299966819584
0.018978799984324723
0.02013369998894632
0.019225800002459437
0.01925339997978881
0.02182250004261732
0.019286499998997897
0.01927250000881031
0.019470500003080815
0.019870099960826337
0.030840100022032857
0.020661399990785867
0.01998219999950379
0.019382900034543127
0.019396599964238703
0.019244200026150793
0.019485299999359995
0.019570000004023314
0.02299440000206232
0.019385599996894598
0.02040320000378415
0.019791800004895777
0.02357530000153929
0.02148779999697581
0.030613799986895174
0.018879699986428022
0.026890100038144737
0.033825899998191744
0.031530499982181937
0.03190679999534041
0.020495999953709543
0.020748000009916723
0.019535400031600147
0.01976579998154193
0.019674700044561177
0.01981820003129542
0.01967260002857074
0.02511749998666346
0.02146570000331849
0.01960020000115037
0.019455500005278736
0.019399200042244047
0.020513599971309304
0.02004490001127124
0.0206698999973014
0.01960770000005141
0.019499699992593378
0.01965059997746721
0.019116699986625463
0.0192625000490807
0.019305699970573187
0.019334700016770512
0.021430999971926212
0.01972149999346584
0.019579000014346093
0.019425800011958927
0.019350099959410727
0.0194045000243932
0.02139109995914623
0.01964760001283139
0.019799400004558265
0.01971720001893118
0.019446599995717406
0.019282500026747584
0.019389100023545325
0.019691499997861683
0.019480799965094775
0.01930250000441447
0.020055499975569546
0.019460700044874102
0.026583799975924194
0.019273300014901906
0.02015419997042045
0.019523599999956787
0.019204200012609363
0.021393099974375218
0.019245500036049634
0.021903700020629913
0.02306400000816211
0.01917479996336624
0.02076490002218634
0.020810999965760857
0.025345600035507232
0.019449699961114675
0.019688200030941516
0.02041349996579811
0.019383300037588924
0.01919269998325035
0.0192119000130333
0.01953190000494942
0.019303500012028962
0.019393800001125783
0.0194844999932684
0.019446499994955957
0.019759799994062632
0.019445399986580014
0.019283800036646426
0.019334499957039952
0.019264900009147823
0.019796399981714785
0.019028999959118664
0.020890899992082268
0.020067900011781603
0.020384899980854243
0.019992400018963963
0.01945179997710511
0.019378299999516457
0.019497599976602942
0.021497000008821487
0.019720699987374246
0.02008320001186803
0.01936330000171438
0.019282699970062822
0.019439800002146512
0.019279399944934994
0.02016920002643019
0.01964610000140965
0.019270899996627122
0.020181500003673136
0.01925650000339374
0.019784700009040534
0.021648499998264015
0.019833099970128387
0.01961930003017187
0.01948749995790422
0.02087290002964437
0.01865629997337237
0.019061900035012513
0.019948899978771806
0.019838999956846237
0.019026399997528642
0.01920159999281168
0.021563999995123595
0.01946520002093166
0.019673499977216125
0.030789599986746907
0.0232020000112243
0.029394199955277145
0.027165899984538555
0.02046250004786998
0.028911499946843833
0.028848699992522597
0.021181499992962927
0.020036500005517155
0.02106580004328862
0.0202535999706015
0.019784200005233288
0.021328300004824996
0.01936330000171438
0.01884759997483343
0.019278199994005263
0.020418499945662916
0.019510699959937483
0.019581299973651767
0.026388300000689924
0.01953210000647232
0.019677900010719895
0.021034699981100857
0.019785899959970266
0.019203600008040667
0.019251200021244586
0.019303100008983165
0.019171099993400276
0.019877600017935038
0.021951099974103272
0.019388800021260977
0.0205026000039652
0.024073400010820478
0.022895800007972866
0.02895179996266961
0.021897900034673512
0.019981199991889298
0.02188899996690452
0.020402499998454005
0.019930200011003762
0.021318199986126274
0.01987259997986257
0.019368400040548295
0.019185699988156557
0.022350399987772107
0.019457400019746274
0.019304600020404905
0.02091439999639988
0.020368400029838085
0.019338599988259375
0.01926239999011159
0.019217299995943904
0.01934990001609549
0.01925469998968765
0.01922799996100366
0.01921500003663823
0.019435899972449988
0.019375800038687885
0.0194031999562867
0.019328500027768314
0.019512299972120672
0.01930550002725795
0.019276399980299175
0.01922690001083538
0.019231699989177287
0.019280600012280047
0.021235000051092356
0.02521079999860376
0.019838000007439405
0.019649500027298927
0.01951429998734966
0.01940599997760728
0.022478400031104684
0.019767899997532368
0.01942700002109632
0.019608300004620105
0.022382099996320903
0.019475199980661273
0.0200800999882631
0.021531699982006103
0.0192996000405401
0.02008180000120774
0.01946980005595833
0.021826500014867634
0.01925040001515299
0.020276399969588965
0.01949209999293089
0.019019700004719198
0.021072499977890402
0.019873499986715615
0.019064299995079637
0.02071880002040416
0.019184499979019165
0.019286599999759346
0.020643499970901757
0.02075450000120327
0.01922680001007393
0.019230699981562793
0.0194980000378564
0.020310599997173995
0.01922399998875335
0.019833799975458533
0.022043599979951978
0.030507399991620332
0.01956729998346418
0.01923710003029555
0.019341500010341406
0.019323499989695847
0.01917609997326508
0.02798340003937483
0.019130099972244352
0.030105900019407272
0.024888600048143417
0.019241200003307313
0.020456199999898672
0.01947430003201589
0.019822800008114427
0.019701599958352745
0.019994700036477298
0.019361299986485392
0.019300399988424033
0.022341699979733676
0.01921500003663823
0.01911990001099184
0.019244999974034727
0.01938680000603199
0.01935249997768551
0.019573000026866794
0.01932040002429858
0.01927879999857396
0.020405600022058934
