0.019842200039420277
0.020994599966797978
0.023244099982548505
0.02339739998569712
0.018102700007148087
0.01809349999530241
0.01815989997703582
0.018402000016067177
0.018400600005406886
0.018266199971549213
0.01780419994611293
0.01785159995779395
0.018153800047002733
0.018150699965190142
0.018253999995067716
0.018190000031609088
0.01800579996779561
0.01799870003014803
0.0182308999937959
0.018381400033831596
0.01827089994912967
0.01811989996349439
0.02091160003328696
0.027497999952174723
0.01931880001211539
0.01799429999664426
0.01962239999556914
0.020777400000952184
0.024962899973616004
0.025269499979913235
0.01982260000659153
0.023117800010368228
0.02007709996541962
0.019084000028669834
0.026207599963527173
0.023546400014311075
0.019040599989239126
0.01995270000770688
0.01973770000040531
0.018636499997228384
0.01861490000737831
0.021189199993386865
0.018494399962946773
0.01827110000886023
0.019347299996297807
0.018284099991433322
0.018808600027114153
0.020012699998915195
0.018146399990655482
0.019704799982719123
0.01808730000630021
0.01811860001180321
0.01814250001916662
0.021545099967624992
0.018283500045072287
0.018135299964342266
0.026429800025653094
0.018385800009127706
0.01872609998099506
0.017627799999900162
0.017884200031403452
0.01787559996591881
0.01787880004849285
0.018085399991832674
0.018143399967812
0.01861199998529628
0.018996200000401586
0.01869350002380088
0.01879140001256019
0.020938900008331984
0.01890670001739636
0.019366400025319308
0.01895100000547245
0.019516500004101545
0.018821900011971593
0.020564899954479188
0.024320300028193742
0.018437499995343387
0.01832030003424734
0.018280599964782596
0.018110500008333474
0.019587300019338727
0.01846970000769943
0.019351899973116815
0.018226300016976893
0.021624999993946403
0.017617900040932
0.018621499999426305
0.018155899946577847
0.01794959994731471
0.01820910000242293
0.018260600045323372
0.017911799950525165
0.01835249998839572
0.020839400007389486
0.017998099967371672
0.018039100046735257
0.019061399972997606
0.018341600021813065
0.017993499990552664
0.020236100011970848
0.018229099980089813
0.01815560000250116
0.01972040004329756
0.018286700011231005
0.01794639998115599
0.020461599982809275
0.01794400002108887
0.01849059999221936
0.017901899991557002
0.018290899985004216
0.017872900003567338
0.019405200029723346
0.018655199964996427
0.017949200002476573
0.01812449999852106
0.018334600026719272
0.017950399953406304
0.018677800020668656
0.020119199994951487
0.018818900047335774
0.018289599975105375
0.01790680002886802
0.017845199967268854
0.01789930002996698
0.017830599972512573
0.017927900014910847
0.01786950003588572
0.01799269998446107
0.021304699999745935
0.01958410005318001
0.01787410001270473
0.01795440004207194
0.018555199960246682
0.018233600014355034
0.019582699984312057
0.019248299999162555
0.018046399985905737
0.019119400007184595
0.01836290000937879
0.0181258000084199
0.018184299988206476
0.01802979997592047
0.017923600040376186
0.020749300019815564
0.0185778999584727
0.02177500003017485
0.018972599995322526
0.01852009998401627
0.021586400049272925
0.018053799984045327
0.01805620000232011
0.019499699992593378
0.017830800032243133
0.018667600001208484
0.01929620001465082
0.017818499996792525
0.01978090003831312
0.01786389999324456
0.017753299965988845
0.01874639996094629
0.019738500006496906
0.018303000018931925
0.017827500007115304
0.0179820999619551
0.017985900049097836
0.0190057999570854
0.01826550002442673
0.017809899989515543
0.01787849998800084
0.01800869998987764
0.018101900001056492
0.01800160005223006
0.018211100017651916
0.019494600011967123
0.019125599996186793
0.017880300001706928
0.017864199995528907
0.017919200006872416
0.018066099961288273
0.018003900011535734
0.017928300017956644
0.018504199979361147
0.017931500042323023
0.019617500016465783
0.018082599970512092
0.017947099986486137
0.017953500035218894
0.018138799990992993
0.01809939998202026
0.019439099996816367
0.018376699998043478
0.019928199995774776
0.018153199984226376
0.01818519999505952
0.017933600000105798
0.0178843000321649
0.017577399965375662
0.017357400036416948
0.022468300012405962
0.0182368999812752
0.018655600026249886
0.019093999988399446
0.0180755999754183
0.02143869997235015
0.01816899998812005
0.0178400999866426
0.01954980002483353
0.018078199995215982
0.01945940003497526
0.018431900010909885
0.01779549999628216
0.019348600006196648
0.017891500028781593
0.017957400006707758
0.018719199986662716
0.019449999963399023
0.017833299993071705
0.017814400023780763
0.01787400001194328
0.018284899997524917
0.0187646999838762
0.01836300001014024
0.017854099976830184
0.017840500047896057
0.01781299995491281
0.018132400000467896
0.018086900003254414
0.019876300008036196
0.017878100043162704
0.017830299970228225
0.017981700017116964
0.017888200003653765
0.017836100014392287
0.017994499998167157
0.01790670002810657
0.018186200002674013
0.01816749997669831
0.01863860001321882
0.019832500023767352
0.01815079996595159
0.018155300000216812
0.017991900036577135
0.0178456999710761
0.01806510001188144
0.019514699990395457
0.01832730002934113
0.018284099991433322
0.01796129997819662
0.02169369999319315
0.01786229998106137
0.01793779997387901
0.018600899958983064
0.02040610002586618
0.017949200002476573
0.017812600010074675
0.01789779996033758
0.018071400001645088
0.01995849999366328
0.01980469998670742
0.018043499963823706
0.018058600020594895
0.030043200007639825
0.021381400001700968
0.02136339998105541
0.0180386999854818
0.019736999995075166
0.018057199951726943
0.01811429997906089
0.018571000022348017
0.020460299972910434
0.018108899996150285
0.01791390002472326
0.017952300026081502
0.01790379994781688
0.017885300039779395
0.019096800009720027
0.0180265000090003
0.017914899974130094
0.018413699988741428
0.017939899989869446
0.017995099944528192
0.01804759999504313
0.017925199994351715
0.017752100015059114
0.020720799977425486
0.017848499992396683
0.017916300042998046
0.018433499964885414
0.018052500032354146
0.017860099964309484
0.018543600046541542
0.018245499988552183
0.019829099997878075
0.018350699974689633
0.01820150000276044
0.018021600029896945
0.01781029999256134
0.017825699993409216
0.01947260001907125
0.018461400002706796
0.018393600010313094
0.019624399952590466
0.018127800023648888
0.017866400012280792
0.017870399984531105
0.018301300005987287
0.021733300003688782
0.020789299975149333
0.019160699972417206
0.019340500002726912
0.031355699989944696
0.02284339995821938
0.019095199997536838
0.0193367000319995
0.0286748000071384
0.034255400008987635
0.01962249999633059
0.019567199982702732
0.018187600013334304
0.017781700007617474
0.01767849997850135
0.020161199965514243
0.017846700036898255
0.018266099970787764
0.01870519999647513
0.02273500000592321
0.018121900036931038
0.018562599958386272
0.017932300048414618
0.017927100008819252
0.017904399952385575
0.017724000033922493
0.017500100017059594
0.018118900014087558
0.018075799976941198
0.018717899976763874
0.018217300006654114
0.01806809997651726
0.017884200031403452
0.01778070000000298
0.017754399974364787
0.017764200048986822
0.018220999976620078
0.019976900017354637
0.02039290004177019
0.01863869995577261
0.018717900034971535
0.01863700000103563
0.018669200013391674
0.018946999975014478
0.020678100001532584
0.019550499971956015
0.022007099993061274
0.018680799985304475
0.018424300011247396
0.017984199977945536
0.01909650000743568
0.01801020000129938
0.019033799995668232
0.018209700006991625
0.017359399993438274
0.01844460004940629
0.018218200013507158
0.02491010003723204
0.018302499956917018
0.018005100020673126
0.01936909998767078
0.01804880000418052
0.018023099983111024
0.019836899999063462
0.01797769998665899
0.01970399997662753
0.017934300005435944
0.017979800002649426
0.017957600008230656
0.020608499995432794
0.0180209000245668
0.017922099970746785
0.017973999958485365
0.017905700020492077
0.017918800003826618
0.018365300027653575
0.0178652000031434
0.018052999977953732
0.017974500020500273
0.027844799973536283
0.020661499991547316
0.01770840003155172
0.025497499969787896
0.01793780003208667
0.017943100014235824
0.01799709995975718
0.017931300040800124
0.018382799986284226
0.018169399991165847
0.018085199990309775
0.018049300007987767
0.019747400016058236
0.018082100024912506
0.01798800000688061
0.018009599996730685
0.020620599971152842
0.022932599997147918
0.019507599994540215
0.01814649999141693
0.018679400032851845
0.017820500012021512
