0.02009190000012495
0.02778030000013132
0.018710999999939304
0.018367500000067594
0.02078620000020237
0.020774099999925966
0.020688999999947555
0.01842169999986254
0.02155609999999797
0.0202747000000727
0.018398400000023685
0.020912399999815534
0.023865000000114378
0.019279099999948812
0.01856699999984812
0.024716299999909097
0.01857679999989159
0.02064890000019659
0.01853739999978643
0.01848540000014509
0.018455200000062177
0.018298200000117504
0.018076599999858445
0.018582800000103816
0.018474200000127894
0.018848400000024412
0.019068800000013653
0.02010470000004716
0.020471999999926993
0.020090299999992567
0.01863679999996748
0.02419119999990471
0.021861100000023725
0.02761770000006436
0.019024700000045414
0.022336899999800153
0.02134159999991425
0.020408399999951143
0.02074739999989106
0.020845799999960946
0.020620100000087405
0.01868390000004183
0.019111900000098103
0.018653800000038245
0.018589499999961845
0.01863879999996243
0.02197189999992588
0.019710799999984374
0.018435500000123284
0.029563499999994747
0.019113099999913175
0.020103399999925387
0.02684729999987212
0.019270000000005894
0.01988630000005287
0.0210964000000331
0.022166599999991377
0.039167700000007244
0.01886649999983092
0.03538499999990563
0.027365700000018478
0.018947000000025582
0.028281200000037643
0.019135800000185554
0.019617599999946833
0.019327100000054998
0.01820319999978892
0.01970389999996769
0.019257100000004357
0.020289900000079797
0.021088500000132626
0.020813000000089232
0.020146900000099777
0.020262300000013056
0.021156799999971554
0.02070570000000771
0.019507200000134617
0.021775299999944764
0.02365470000017922
0.018809499999861146
0.019383699999934834
0.019258099999888145
0.0186678000000029
0.018194500000163316
0.018382199999905424
0.019956900000124733
0.017921200000046156
0.01836630000002515
0.01856610000004366
0.018804300000056173
0.019103000000086467
0.018690399999968577
0.018427700000074765
0.01889789999995628
0.018534999999928914
0.018733599999904982
0.018420200000036857
0.01865840000004937
0.020179800000050818
0.021788000000015018
0.01830330000007052
0.020637700000179393
0.018262399999912304
0.01840489999995043
0.018099899999924673
0.018363700000008976
0.018113299999868104
0.018299099999921964
0.018207600000096136
0.026386499999944135
0.019136100000196166
0.01815800000008494
0.029537199999822406
0.020984900000030393
0.018107200000031298
0.018391500000007
0.01796169999988706
0.018517799999926865
0.018038800000113042
0.01836900000012065
0.018186500000183514
0.018408300000146482
0.01838199999997414
0.018384399999831658
0.01820070000007945
0.018203900000116846
0.017995300000166026
0.01813229999993382
0.018127600000070743
0.018099600000141436
0.01810809999983576
0.02032280000003084
0.018379499999809923
0.01950140000008105
0.018408399999998437
0.01797649999980422
0.018390899999985777
0.01822289999995519
0.018086200000198005
0.018518399999948087
0.01884210000002895
0.01817340000002332
0.018231699999887496
0.018136900000172318
0.01815790000000561
0.01885010000000875
0.018025200000010955
0.01848059999997531
0.018594899999925474
0.018666499999881125
0.018557799999825875
0.02080630000000383
0.0183351999999104
0.01804800000013529
0.01803010000003269
0.018192799999951603
0.01813640000000305
0.017933999999968364
0.01805319999994026
0.018070000000079744
0.01816770000004908
0.018077800000128263
0.020531899999923553
0.018079599999964557
0.018325400000094305
0.017994499999986147
0.019411300000001575
0.018919300000106887
0.01821420000010221
0.017942500000117434
0.017962300000135656
0.017934599999989587
0.018255299999964336
0.01891550000004827
0.018129900000076304
0.018281200000046738
0.0180523000001358
0.017970399999967412
0.018287699999973484
0.01816329999996924
0.018030399999815927
0.018512900000132504
0.020286599999963073
0.018093399999997928
0.019341199999871606
0.018457200000057128
0.017953499999975975
0.017830699999876742
0.018062099999951897
0.018368999999893276
0.018114100000047983
0.018233600000030492
0.01792399999999361
0.018082000000049447
0.01808519999985947
0.018243700000084573
0.018282700000099794
0.018234500000062326
0.018152699999973265
0.018292400000063935
0.01856580000003305
0.018533700000034514
0.0180728000000272
0.020553099999915503
0.01817639999990206
0.018012300000009418
0.02039439999998649
0.018207500000016807
0.018376499999931184
0.01833729999998468
0.018419300000005023
0.019906700000092314
0.01801260000002003
0.017858000000160246
0.018352300000060495
0.017888600000105725
0.018111400000179856
0.018401499999981752
0.018268799999987095
0.01830500000005486
0.01826219999998102
0.03243049999991854
0.021642700000029436
0.020092200000135563
0.01942830000007234
0.01900789999990593
0.019284200000129204
0.01819030000001476
0.01802199999997356
0.018436800000017683
0.01803709999990133
0.018106700000089404
0.021052199999985532
0.01804149999998117
0.019792700000152763
0.018211600000086037
0.01926200000002609
0.018237099999851125
0.019243800000140254
0.017990900000086185
0.018256800000017392
0.017984100000148828
0.018042800000102943
0.020368700000062745
0.01878759999999602
0.018401000000039858
0.018592599999919912
0.01864520000003722
0.018020499999920503
0.018504699999994045
0.018596300000126575
0.01856990000010228
0.020233299999972587
0.018070200000011027
0.020527500000071086
0.01803610000001754
0.018439100000023245
0.018039700000144876
0.018002900000055888
0.018749599999864586
0.018151700000089477
0.01799499999992804
0.01812940000013441
0.018054900000151974
0.018011399999977584
0.018057600000020102
0.0181304000000182
0.01819519999980912
0.01851910000004864
0.0188620000001265
0.018125699999927747
0.018107200000031298
0.018154199999798948
0.018240900000137117
0.01793879999991077
0.01799000000005435
0.018347200000107478
0.018030599999974584
0.01930949999996301
0.017993699999806267
0.01807819999999083
0.018080599999848346
0.01810450000016317
0.02101130000005469
0.019534799999973984
0.01798470000017005
0.01966889999994237
0.018394500000113112
0.01915499999995518
0.019326200000023164
0.019926000000168642
0.019732199999907607
0.01896660000011252
0.019637699999975666
0.019742299999961688
0.018669599999839193
0.018468400000074325
0.018810899999834874
0.0180344000000332
0.018144699999993463
0.01855470000009518
0.01810980000004747
0.02061730000013995
0.018042100000002392
0.01803979999999683
0.01823829999989357
0.018036299999948824
0.01800730000013573
0.01834469999994326
0.018237099999851125
0.01818150000008245
0.018211000000064814
0.01865100000009079
0.018762100000003556
0.018277600000146776
0.018401099999891812
0.018277599999919403
0.01928090000001248
0.018806799999993018
0.01934520000008888
0.019433900000194626
0.0185266999999385
0.01948220000008405
0.018636999999898762
0.01891069999987849
0.01876470000001973
0.018507100000078935
0.01793320000001586
0.018079100000022663
0.018652099999826532
0.02020249999986845
0.01844230000006064
0.022117499999922074
0.02047719999995934
0.020326900000100068
0.01844630000005054
0.019696899999871675
0.018211300000075425
0.019287399999939225
0.021805999999969572
0.018849199999976918
0.01792509999995673
0.018181800000093062
0.01770970000006855
0.020233700000062527
0.018146299999898474
0.017826100000092993
0.017780599999923652
0.018341300000201954
0.020088999999870794
0.01778409999997166
0.020721699999967313
0.01839620000009745
0.017929499999809195
0.017930199999909746
0.01845170000001417
0.019280400000070586
0.017764299999953437
0.017927899999904184
0.01789180000014312
0.018253700000059325
0.01773489999982303
0.017950100000007296
0.01795880000008765
0.018004100000098333
0.018109599999888815
0.017880600000125924
0.018256299999848125
0.017976800000042203
0.01783829999999398
0.01810639999985142
0.017921799999840005
0.019739899999876798
0.01803490000020247
0.018024599999989732
0.017899499999884938
0.01785129999984747
0.01814539999986664
0.01782709999997678
0.01841829999989386
0.018178300000045056
0.017976699999962875
0.021043299999973897
0.01792299999988245
0.01773589999993419
0.019100700000080906
0.01784100000008948
0.017863700000134486
0.01811550000002171
0.01852229999985866
0.018428100000164704
0.01781770000002325
0.0181344000000081
0.017803399999820613
0.017727900000181762
0.022262299999965762
0.017738999999892258
0.017611800000167932
0.01801540000019486
0.018908799999962866
