0.015153300000292802
0.009371899999678135
0.0004952999997840379
0.0004960999999639171
0.0004383999998935906
0.0007405999999718915
8.879999995770049e-05
0.00035549999984141323
0.0004414999998516578
0.00040599999965706957
0.0003835000002254674
0.00012479999986680923
0.0003697000001920969
8.819999993647798e-05
0.0004660999998122861
0.0004191999996692175
0.00042230000008203206
0.0004295999997339095
0.00046900000006644404
0.00032929999997577397
0.0003368000002410554
0.0003271999999014952
0.00032360000022890745
0.0004340000000411237
0.0003298999999969965
0.0004913000002488843
0.0004073000000062166
0.0004173000002083427
9.689999978945707e-05
0.00039470000001529115
0.0003925000000890577
0.0003619000003709516
0.00034760000016831327
0.0003689999998641724
0.00036389999968378106
0.00039100000003600144
0.00038119999999253196
0.00011970000014116522
0.0006105000002207817
8.849999994708924e-05
0.0004067999998369487
0.0003969999997934792
0.00039310000011028023
0.0003911999997399107
0.0003998000001956825
0.0004036999998788815
0.00038180000001375447
0.0003413999997974315
0.00040539999963584705
0.00039120000019465806
0.00035470000011628144
0.0003535000000738364
9.799999997994746e-05
0.00034850000020014704
0.0003602000001592387
0.00034870000035880366
0.00013500000022759195
0.00040740000031291856
0.00039010000000416767
0.000370699999621138
9.060000002136803e-05
0.0003608000001804612
0.00038190000032045646
0.0005959999998594867
0.00035320000006322516
0.0003527999997459119
0.0003959999999096908
0.000393899999835412
0.0005506000002242217
0.00035100000013699173
0.0003994000003331166
0.00040149999995264807
0.0003689000000122178
0.00035129999969285564
0.0003946000001633365
0.0005467000000862754
9.18999999157677e-05
0.00039629999992030207
0.0003641999996943923
0.00035089999983028974
0.000663400000121328
0.0006665999999313499
0.000392800000099669
0.00033699999994496466
0.0004269999999451102
0.0003646999998636602
0.00034819999973478843
0.00036499999987427145
0.0003759000001082313
0.00042230000008203206
0.0003633000001173059
0.0005689999998139683
0.0003483000000414904
0.0003636999999798718
0.0003452000000834232
0.0005092000001241104
0.0006518999998661457
0.0003756999999495747
0.0003854999999930442
0.00035559999969336786
0.00035049999996772385
0.0003596999999899708
0.0003405000002203451
0.0004065999996782921
0.00046960000008766656
0.0005630000000564905
0.0005529999998543644
0.00035260000004200265
0.0001011999997899693
0.0006693999998788058
0.000331700000060664
0.000500099999953818
0.00042469999971217476
0.00048299999980372377
0.000675400000091031
0.00038640000002487795
0.0006716000002597866
0.00036460000001170556
0.000414699999964796
0.0003203000001121836
0.0006041999999979453
0.0004165999998804182
0.0003826000001936336
0.00034379999988232157
0.00032439999995403923
0.0005882000000383414
0.00031170000011115917
7.62999998187297e-05
0.00035049999996772385
0.0003096000000368804
0.0005055000001448207
0.0005065000000286091
0.000361599999905593
0.000494899999921472
0.0003747000000657863
0.0005246000000624917
0.0004788000001099135
0.00043550000009418
0.0004939999998896383
0.0006085999998504121
0.00034899999991466757
0.00031599999965692405
0.00034069999992425437
0.00034509999977672123
0.0004917000001114502
0.0003262999998696614
0.00032889999965846073
0.00033319999965897296
0.000488600000153383
0.00032710000004954054
0.00032019999980548164
0.0003278999997746723
0.00030999999989944627
0.0004868999999416701
0.00031559999979435815
0.0005498999998962972
0.00032579999970039353
0.0005854000000908854
0.0004794999999830907
0.0003744999999071297
