0.015377100000023347
0.014606300000195915
0.015633399999842368
0.01467659999980242
0.014318400000320253
0.014523000000281172
0.016101599999728933
0.015082600000368984
0.01483970000026602
0.014528300000165473
0.013998700000229292
0.014174200000070414
0.014310099999875092
0.014732199999798468
0.014171100000112347
0.014728800000284537
0.014534800000092218
0.014766400000098656
0.01554759999999078
0.01565859999982422
0.015712299999904644
0.015966599999956088
0.016059000000041124
0.015812499999810825
0.015434400000231108
0.01565260000006674
0.01585830000021815
0.01585269999986849
0.01564009999992777
0.016408299999966403
0.01576020000038625
0.019057900000007066
0.02565709999998944
0.015214799999739625
0.015757600000142702
0.015883700000358658
0.015705699999671197
0.0157481999999618
0.023646300000109477
0.018205400000169902
0.017042400000264024
0.015504200000123092
0.01608510000005481
0.016556800000216754
0.01519319999988511
0.014675300000362768
0.014383600000201113
0.014253700000153913
0.014943399999992835
0.014217500000086147
0.014675599999918632
0.014245599999867409
0.014211100000011356
0.014335099999698286
0.014410899999802496
0.014161799999783398
0.014435800000228483
0.014753599999949074
0.014313299999685114
0.014751499999874795
0.014547000000220578
0.015525600000273698
0.015245500000219181
0.015600700000049983
0.015453500000148779
0.01567380000005869
0.015718199999810167
0.01588979999996809
0.01517729999977746
0.014299500000106491
0.016482600000017555
0.015001600000232429
0.015413300000091112
0.015567399999781628
0.015715000000000146
0.015778099999806727
0.015341799999987416
0.015598200000113138
0.015748700000131066
0.015751800000089133
0.015668600000026345
0.014311299999917537
0.014001400000324793
0.01392390000000887
0.014181099999859725
0.013975899999877583
0.014179700000113371
0.014058000000204629
0.014003100000081758
0.01406970000016372
0.014113700000052631
0.014070199999878241
0.014019300000200019
0.01414180000028864
0.014079000000037922
0.014039799999864044
0.013931999999840627
0.013984300000174699
0.014143500000045606
0.014117700000042532
0.014244199999666307
0.01452309999967838
0.014087000000017724
0.013972199999898294
0.014049399999748857
0.014112000000295666
0.013951899999938178
0.01421810000010737
0.014162100000248756
0.014056999999866093
0.014076500000101078
0.013908899999933055
0.013933599999745638
0.01416609999978391
0.013760800000000017
0.013746000000082859
0.01405190000014045
0.013713899999856949
0.013830700000198703
0.013864200000170968
0.014004000000113592
0.01375159999997777
0.013738200000261713
0.01382549999971161
0.013867499999832944
0.014048300000013114
0.014116300000296178
0.013879599999654602
0.01435700000001816
0.014185300000008283
0.014171799999985524
0.014710899999954563
0.014635700000326324
0.014466399999946589
0.014217800000096759
0.014266799999859359
0.01437290000012581
0.013981499999772495
0.013728599999922153
0.013862900000276568
0.013912599999912345
0.013707000000067637
0.013927999999850726
0.013830999999754567
0.014106999999967229
0.013914799999838579
0.013778500000171334
0.013941400000021531
0.013908400000218535
0.013687099999970087
0.01408609999998589
0.013839200000347773
0.01372639999999592
0.013993599999594153
0.014192699999966862
0.013934000000062952
0.014119200000095589
0.013676200000190875
0.014013700000305107
0.014300399999683577
0.016626000000087515
0.02017009999963193
0.01503709999997227
0.016183299999738665
0.01542779999999766
0.015098899999884452
0.014471399999820278
0.01435010000022885
0.01436680000006163
0.014394400000128371
0.014130600000044069
0.014488599999822327
0.013731399999869609
0.014050999999653868
0.016277199999876757
0.015280499999789754
0.015748100000109844
0.015195099999800732
0.015397399999983463
0.015263100000083796
0.015164399999775924
0.014403000000129396
0.013873000000330649
0.013900500000090688
0.014342599999963568
0.014025599999968108
0.013727900000048976
0.013870300000235147
0.01380559999961406
0.013620700000046781
0.014191500000379165
0.014093199999933859
0.013692300000002433
0.013660400000389927
0.013839700000062294
0.013933199999883072
0.014081400000122812
0.013904100000218023
0.013572100000146747
0.01350170000023354
0.013595599999916885
0.013783400000193069
0.013565400000061345
0.01376159999972515
0.013743800000156625
0.013817700000345212
0.013848999999936495
0.013733599999795842
0.013813699999900564
0.013836000000083004
0.01374679999980799
0.014083699999901
0.013938899999629939
0.01476379999985511
0.01371259999996255
0.013704400000278838
0.013905499999964377
0.014450400000441732
0.01460029999998369
0.01425089999975171
0.014160000000174477
0.013732599999912054
0.013983199999984208
0.013964799999939714
0.013749799999914103
0.013905499999964377
0.01375289999987217
0.014051499999823136
0.013819199999943521
0.013897799999995186
0.013883599999644503
0.013745400000061636
0.013650800000050367
0.014040200000181358
0.013769400000001042
0.013723900000059075
0.013803100000131963
0.01374870000017836
0.013860399999884976
0.013812499999858119
0.013787199999569566
0.013748599999871658
0.013789099999939936
0.013757199999872682
0.013861899999938032
0.014042299999800889
0.013774499999726686
0.013845699999819772
0.013621300000068004
0.013665700000274228
0.014120499999989988
0.013977500000237342
0.013906600000154867
0.014629499999955442
0.014759599999706552
0.01384299999972427
0.013670300000285351
0.013938700000380777
0.013997099999869533
0.013680199999726028
0.013694899999791232
0.014241899999888119
0.01367049999998926
0.013850400000137597
0.013815299999805575
0.01383269999996628
0.013613200000236247
0.014032500000212167
0.013729199999943376
0.013748100000157137
0.014247899999645597
0.014106300000094052
0.013982899999973597
0.014117499999883876
0.013855799999873852
0.013991300000270712
0.013903600000048755
0.013848999999936495
0.013763299999936862
0.013962099999844213
0.0137377999999444
0.014078700000027311
0.013681800000085786
0.01400499999999738
0.015538199999809876
0.014034500000434491
0.01391220000004978
0.014130000000022847
0.013778199999705976
0.014058000000204629
0.014012900000125228
0.013909100000091712
0.01378999999997177
0.01413239999965299
0.014016999999967084
0.013890400000036607
0.013998099999753322
0.013990899999953399
0.013852399999905174
0.013856199999736418
0.014442099999996572
0.013876900000013848
0.014021200000115641
0.014078100000006089
0.013951800000086223
0.014033399999789253
0.014094900000145572
0.014136799999960203
0.01411839999991571
0.013889800000015384
0.013784799999939423
0.013992400000006455
0.01397320000023683
0.013840799999798037
0.014898600000378792
0.013814899999943009
0.013736700000208657
0.014180200000282639
0.01402589999997872
0.01394239999990532
0.014042899999822112
0.013864900000044145
0.013819899999816698
0.01394700000037119
0.013865699999769276
0.01404370000000199
0.014100200000029872
0.013752800000020216
0.014153900000110298
0.01389019999987795
0.013788400000066758
0.013730499999837775
0.014079099999889877
0.013988100000005943
0.013975800000025629
0.013942800000222633
0.014017299999977695
0.013742099999944912
0.013831899999786401
0.013890999999603082
0.01383510000005117
0.014234100000066974
0.01380429999971966
0.013670300000285351
0.015451300000222545
0.014140499999939493
0.01398620000009032
0.013783200000034412
0.01400629999989178
0.013689700000213634
0.013793600000099104
0.013685999999779597
0.013633699999900273
0.013730499999837775
0.01385759999993752
0.013734300000123767
0.014006800000061048
0.013924100000167527
0.01384360000020024
0.013840499999787426
0.01392729999997755
0.013828099999955157
0.01418950000015684
0.013671000000158529
0.01393549999966126
0.013992700000017066
0.013787700000193581
0.01368030000003273
0.013781500000277447
0.013861699999779376
0.013682799999969575
0.014050199999928736
0.013627199999973527
0.014420900000004622
0.01381519999995362
0.01421920000029786
0.013413799999852927
0.013595700000223587
0.013718700000026729
0.013832000000093103
0.013793900000109716
0.013700099999823578
0.013778699999875244
0.013932299999851239
0.01417520000040895
0.014492299999801617
0.013829600000008213
0.01369780000004539
0.013896800000111398
0.013703999999961525
0.01344790000030116
0.01375370000005205
0.013717300000280375
0.013688300000012532
0.013776400000097055
0.013658500000019558
0.013748299999861047
0.013772599999811064
0.013786200000140525
0.013836600000104227
