0.015237099999922066
0.01625209999974686
0.01558580000028087
0.015531900000041787
0.01476970000021538
0.015352599999914673
0.014628300000367744
0.014618199999858916
0.015510600000197883
0.015704399999776797
0.016255500000170287
0.028726499999720545
0.0204742000000806
0.01568940000015573
0.015287200000329904
0.014603200000237848
0.015148699999826931
0.01496980000001713
0.014871300000322663
0.014842800000224088
0.014450900000156253
0.014195899999776884
0.015243400000144902
0.015656400000352733
0.016356099999939033
0.015469599999960337
0.0161803000000873
0.01524219999964771
0.01571600000033868
0.015079199999945558
0.015151399999922432
0.01570240000000922
0.02074720000018715
0.018319199999950797
0.017366499999752705
0.01595260000021881
0.017496699999810517
0.016361899999992602
0.016211000000112108
0.015256700000009005
0.014816099999734433
0.014529399999901216
0.014475599999968836
0.01461779999999635
0.014819200000147248
0.014946400000098947
0.014774499999930413
0.014498600000024453
0.014695100000153616
0.014438000000154716
0.014302199999747245
0.014353699999901437
0.014480599999842525
0.014761300000373012
0.014501000000109343
0.014430899999752
0.014885000000049331
0.014593200000035722
0.014866199999687524
0.014410899999802496
0.014437700000144105
0.014443500000197673
0.014607800000248972
0.0152432999998382
0.014571800000339863
0.014341300000069168
0.014619199999742705
0.01482590000023265
0.014562800000021525
0.014449499999955151
0.014778799999930925
0.01432199999999284
0.014706700000260753
0.01478590000033364
0.014325399999961519
0.014417800000046554
0.014831700000286219
0.01456289999987348
0.014774600000237115
0.014388099999905535
0.014658999999937805
0.014903899999808345
0.014517999999952735
0.02133940000021539
0.028564299999743525
0.014585899999929097
0.01453910000009273
0.014483599999948638
0.014808299999913288
0.014340100000026723
0.01461600000038743
0.015067500000441214
0.019627200000286393
0.01455309999983001
0.014523499999995693
0.014335299999856943
0.014301699999577977
0.014844799999991665
0.015511900000092282
0.015141300000323099
0.014865200000258483
0.014638799999829644
0.014373599999998987
0.014313899999706337
0.014554500000031112
0.014751499999874795
0.014316799999960494
0.014407099999971251
0.014364799999839306
0.014716799999860086
0.014332300000205578
0.014328199999908975
0.014252599999963422
0.014463399999840476
0.014173900000059803
0.014484499999980471
0.014075600000069244
0.014090199999827746
0.01426450000008117
0.014082300000154646
0.014120199999979377
0.015009700000064186
0.015330700000049546
0.015081399999871792
0.014125700000022334
0.014804000000367523
0.014456299999892508
0.01475720000007641
0.015044600000237551
0.014404300000023795
0.014214199999969424
0.01482480000004216
0.014382800000021234
0.0145078000000467
0.014451900000040041
0.014055099999950471
0.014061900000342575
0.014454199999818229
0.013927899999998772
0.014352400000007037
0.014099699999860604
0.013896200000090175
0.014362200000050507
0.014123800000106712
0.014449499999955151
0.014185300000008283
0.014351199999964592
0.014081100000112201
0.013899399999900197
0.013884699999834993
0.013881500000024971
0.01473359999999957
0.015270800000052986
0.014660999999705382
0.014442400000007183
0.014064500000131375
0.013836199999786913
0.014201199999661185
0.01385260000006383
0.01462260000016613
