0.015869399999701272
0.004313599999932194
0.00023300000020753941
0.00022230000013223616
0.00025439999990339857
0.00031260000014299294
0.00028190000011818483
0.0002289999997628911
0.00030800000013186946
0.00029959999983475427
0.00024470000016663107
0.00027679999993779347
0.00022209999997357954
0.00023630000032426324
0.00022209999997357954
0.0001384000001962704
0.0002077999997709412
0.00021669999978257692
0.0002282000000377593
0.00022990000024947221
0.00026630000002114684
0.00025539999978718697
0.00021870000000490109
0.00021419999984573224
0.0002171999999518448
0.00022809999973105732
0.00021240000023681205
0.00021560000004683388
0.00024350000012418604
0.00022409999974115635
0.00023879999980636057
0.00023190000001704902
0.00026630000002114684
0.0001550000001770968
0.00028429999974832754
0.0003015000002051238
0.0002573000001575565
0.0002561999999670661
0.0002223999999841908
0.0002868999999918742
0.00023039999996399274
0.00024219999977503903
0.0002474000002621324
0.00023210000017570565
0.00021920000017416896
0.0002230000000054133
0.00024930000017775455
0.00021250000008876668
0.00027900000031877425
0.0001608999996278726
0.0002199000000473461
0.00023119999968912452
0.0002567999999882886
0.0002673999997568899
0.0002372999997533043
0.00025539999978718697
0.00023310000005949405
0.00023809999993318343
0.0002756999997473031
0.0002581999997346429
0.0002558000001045002
0.0002694999998311687
0.00024399999983870657
0.00022119999994174577
0.0002660999998624902
0.00024059999987002811
0.0002492999997230072
0.00027520000003278255
0.00024759999996604165
0.00023929999997562845
0.0002546000000620552
0.00026459999980943394
0.0002454000000398082
0.00023359999977401458
0.00024549999989176285
0.0002802000003612193
0.00022369999987859046
0.00023009999995338148
0.00028500000007625204
0.0002293000002282497
0.00023909999981697183
0.00015630000007149647
0.0002598000000944012
0.0002230000000054133
0.00022630000012213713
0.00024770000027274364
0.00025049999976545223
0.0002343999999538937
0.0002453000001878536
0.00028819999988627387
0.00025510000023132307
0.00022780000017519342
0.0002297000000908156
0.0002703000000110478
0.00022780000017519342
0.00021949999973003287
0.00030010000000402215
0.00025120000009337673
0.00025279999999838765
0.00022039999976186664
0.00024799999982860754
0.00025490000007266644
0.00022719999969922355
0.00021569999989878852
0.00022010000020600273
0.00028720000000248547
0.0002798999998958607
0.00023330000021815067
0.0002230000000054133
0.00022050000006856862
0.0002792000000226835
0.00021839999999428983
0.0002684999999473803
0.00023239999973156955
0.0002312999999958265
0.00021870000000490109
0.0002476999998179963
0.00021639999977196567
0.00021900000001551234
0.00021900000001551234
0.0002082999999402091
0.00021090000018375576
0.0002746999998635147
0.00024089999988063937
0.00020979999999326537
0.00024429999984931783
0.00020599999970727367
0.00020949999998265412
0.00036599999975805986
0.00020880000010947697
0.00020739999990837532
0.0002090000002681336
0.0003073000002586923
0.0002577000000201224
0.0002067999998871528
0.000293000000056054
0.0002506000000721542
0.00021010000000387663
0.00024819999998726416
0.00024300000040966552
0.0002297000000908156
0.0002380000000812288
0.0002214000001004024
0.00020489999997153063
0.0002598000000944012
0.00017280000020036823
0.00022010000020600273
0.0002110000000357104
0.00023700000019744039
0.0002428000002510089
0.0002712000000428816
0.00025959999993574456
0.00032499999997526174
0.00028179999981148285
0.00022280000030150404
0.00022079999962443253
0.00029489999997167615
0.0002214000001004024
0.00022769999986849143
0.0002009999998335843
0.00023559999999633874
0.00020640000002458692
0.00013639999997394625
0.00020620000032067765
0.00021290000040607993
0.0002268999996886123
0.00020649999987654155
0.0002069000001938548
0.0002144999998563435
0.00020999999969717464
0.00023469999996450497
0.000204699999812874
0.0002650999999787018
0.0002248999999210355
0.0002380000000812288
0.00023539999983768212
0.0002926000001934881
0.0002058000000033644
0.00024189999976442778
0.00023320000036619604
0.00021909999986746698
0.00022739999985788018
0.0002606000002742803
0.0002104000000144879
0.00020470000026762136
0.00023229999987961492
0.00020220000033077667
0.00020649999987654155
0.0002343999999538937
0.0002191999997194216
0.0002326999997421808
0.0002349000001231616
0.0002695999996831233
0.000263100000211125
0.00022880000005898182
0.00019950000023527537
0.0002584000003480469
0.00020109999968553893
0.00022260000014284742
0.00027619999991657096
0.00020029999996040715
0.00020499999982348527
0.00024699999994481914
0.000226800000291405
0.00020879999965472962
0.00020129999984419555
0.00021249999963401933
0.00020820000008825446
0.0002013000002989429
0.00019620000011855154
0.00021909999986746698
0.00021419999984573224
0.00023399999963658047
0.0002019999997173727
0.0002913999996962957
0.00023000000010142685
0.0002245000000584696
0.00023049999981594738
0.00020339999991847435
0.00029350000022532186
0.00020039999981236178
0.0002326999997421808
0.00025219999997716513
0.00020470000026762136
0.00020080000012967503
0.00023210000017570565
0.00019949999978052801
0.00019909999991796212
0.0002492000003257999
0.00027869999985341565
0.0002522000004319125
0.00019759999986490584
0.00021980000019539148
0.00022599999965677853
0.00020080000012967503
0.00020720000020446605
0.00021939999987807823
0.00019909999991796212
0.00020080000012967503
0.00019940000038332073
0.00026020000041171443
0.00021109999988766504
0.00027420000014899415
0.00020760000006703194
0.0002518999999665539
0.00021599999990939978
0.00022849999959362322
0.00024069999972198275
0.0002472999999554304
0.0002484999999978754
0.0003264000001763634
0.00023819999978513806
0.0002382000002398854
0.00019530000008671777
0.00022249999983614543
0.0001901999999063264
0.00022119999994174577
0.0001916999999593827
0.00025069999992410885
0.00019430000020292937
0.00023719999990134966
0.0002430999998068728
0.00025689999984024325
0.0002644999999574793
0.00025860000005195616
0.00018929999987449264
0.00023400000009132782
0.00024739999980738503
0.00040999999964697054
0.0003019000000676897
0.00021610000021610176
0.00021340000012060045
0.00023469999996450497
0.00025660000028437935
0.0003612000000430271
0.000329199999669072
0.0002484000001459208
0.0002540000000408327
0.00020439999980226276
0.00019810000003417372
0.00020150000000285218
0.00020539999968605116
0.00020870000025752233
0.000220400000216614
0.00021070000002509914
0.0002503999999134976
0.00019590000010794029
0.0002079000000776432
0.00022669999998470303
0.0002476999998179963
0.00020500000027823262
0.000225499999942258
0.00019330000031914096
0.00022839999974166858
0.00022390000003724708
0.00024450000000797445
0.00026230000003124587
0.00026479999996809056
0.00022260000014284742
0.0001965000001291628
0.00022719999969922355
0.00020570000015140977
0.00024029999985941686
0.0002715999999054475
0.00019259999999121646
0.00021960000003673485
0.00018630000022312743
0.0002515999999559426
0.00022470000021712622
0.0001756999999997788
0.0002069000001938548
0.00020489999997153063
0.0001903000002130284
0.00023039999996399274
0.0002650999999787018
0.0002395999999862397
0.0001976000003196532
0.00021219999962340808
0.0002681000000848144
0.00022790000002714805
0.00018000000000029104
0.0002524999999877764
0.00020020000010845251
0.00020330000006651971
0.00023569999984829337
0.0002764000000752276
0.00017840000009528012
0.00018279999994774698
0.0001988999997593055
0.00017860000025393674
0.0002248999999210355
0.0001905999997688923
0.00028449999990698416
0.00018349999982092413
0.00020979999999326537
0.0002131000001099892
0.00021059999971839716
0.00021070000002509914
0.00019930000007661874
0.00022740000031262753
0.00018670000008569332
0.00020100000028833165
0.0001756999999997788
0.00020549999999275315
0.00020069999982297304
0.000204699999812874
0.0002443000003040652
0.00022570000010091462
0.00018640000007508206
0.0001639999995859398
0.0002376000002186629
0.00018809999983204762
0.00016069999992396333
0.00015969999958542758
0.00016050000022005406
0.00016129999994518585
0.00019290000000182772
0.0001913000000968168
0.00018980000004376052
0.0002148000003217021
0.00018149999959859997
0.00015100000018719584
0.00020260000019334257
0.00020119999999224092
0.0002558000001045002
0.0001554000000396627
0.00017530000013721292
0.00022560000024896
0.00018380000028628274
0.00020330000006651971
0.00017220000017914572
0.00015460000031453092
0.00021900000001551234
0.0002810999999383057
0.00018140000020139269
0.00020669999958045082
0.0001963999998224608
0.00020560000029945513
0.000152900000102818
0.0001864999999270367
0.00017550000029586954
0.0001803000000109023
0.000146500000028027
0.00017010000010486692
0.00017250000018975697
0.00017119999984060996
0.00021489999971890938
0.00017389999993611127
0.0001700000002529123
0.00017230000003110035
0.00014240000018617138
0.00016350000032616663
0.00015900000016699778
0.00014039999996384722
0.00016930000037973514
0.00015970000004017493
0.000189200000022538
0.0001689000000624219
0.00016450000020995503
0.00023569999984829337
