0.026145100000007915
0.02525020000001632
0.029686099999992166
0.029348099999992883
0.0370740999999839
0.031017399999996087
0.03671869999999444
0.039380299999947965
0.028912700000034874
0.03087759999999662
0.025008500000012646
0.02438560000001644
0.02826250000003938
0.022627999999997428
0.022291499999994357
0.019841999999982818
0.021931100000017523
0.022384699999975055
0.018819100000030176
0.018815500000016527
0.018871100000012575
0.02426330000002963
0.018963400000018282
0.01871649999998226
0.019530599999995957
0.018748700000003282
0.01894619999995939
0.01946709999998575
0.021063100000048962
0.019911700000022847
0.02043700000001536
0.01877999999999247
0.020580999999992855
0.019339300000012827
0.019738299999971787
0.019283099999995557
0.019304799999986244
0.01953689999999142
0.023854900000003454
0.02285580000000209
0.022573700000009467
0.022514300000011644
0.022569099999998343
0.022080899999991743
0.01938719999998284
0.01979910000000018
0.019458499999984724
0.022551999999961936
0.01948520000001963
0.02227370000002793
0.01902189999998427
0.019374999999968168
0.03959770000000162
0.02044320000004518
0.01899810000003299
0.019569200000034925
0.018959300000005896
0.021303699999975834
0.019369199999971443
0.019285599999989245
0.019068000000004304
0.03594739999999774
0.02145359999997254
0.021065599999985807
0.018914399999971465
0.02278409999996711
0.024821299999985058
0.02190280000002076
0.0310245000000009
0.018771399999991445
0.019289300000025378
0.020079699999996592
0.019517400000040652
0.018861799999967843
0.018877299999985553
0.020574500000009266
0.01934760000000324
0.0194442999999751
0.01866640000002917
0.01926590000005035
0.021013299999992796
0.020504200000004857
0.018301199999996243
0.01881359999998722
0.027923600000008264
0.01972419999998465
0.019280799999989995
0.020014199999991433
0.019959099999994123
0.019446000000016284
0.018784999999979846
0.024505599999997685
0.01940830000000915
0.021142600000018774
0.032833199999970475
0.018904499999962354
0.02292520000003151
0.021687299999996412
0.03778690000001461
0.02152649999999312
0.019102200000020275
0.020312599999954273
0.020447500000045693
0.01851819999995996
0.019243200000005345
0.02090459999999439
0.033360399999992296
0.020879199999967568
0.02029379999999037
0.025579899999968347
0.022127899999986766
0.0203523000000132
0.019685500000036882
0.01888569999999845
0.01974960000001147
0.019916399999999612
0.020338399999957346
0.018762399999957324
0.02022260000001097
0.018703000000016345
0.020068999999978132
0.020303800000021965
0.02591559999996207
0.01908539999999448
0.020215199999995548
0.020070199999963734
0.022077799999976833
0.020310800000004292
0.025411900000051446
0.018818800000019564
0.019086899999990692
0.019031600000005255
0.018904600000041683
0.018867900000032023
0.02482300000002624
0.01906229999997322
0.018914999999992688
0.027291100000013557
0.019259299999987434
0.04689730000001191
0.024611700000036763
0.01923659999999927
0.02749180000000706
0.0352172000000337
0.02042239999997264
0.020387200000016037
0.019044900000039888
0.01963269999998829
0.021047100000032515
0.019226300000013907
0.021674899999993613
0.036830099999974664
0.02164709999999559
0.0246422000000166
0.019012000000032003
0.02162989999999354
0.019058099999995193
0.021105199999965407
0.020810100000005605
0.018571399999984806
0.0217677999999637
0.01846899999998186
0.019194000000027245
0.022734300000024632
0.023320699999999306
0.01888450000001285
0.018862300000023424
0.021105199999965407
0.01957110000000739
0.021237399999961326
0.01875289999998131
0.02179239999998117
0.019046500000001743
0.01884419999998954
0.02012760000002345
0.01898230000000467
0.02019940000002407
0.03888319999998657
0.01886419999999589
0.02018049999998084
0.025147800000013376
0.02125580000000582
0.020283599999970647
0.01931769999998778
0.01911369999999124
0.019321100000013303
0.019258200000024317
0.02078169999998636
0.018621300000006613
0.01862549999998464
0.021791899999982434
0.01884019999999964
0.019758999999965
0.018598100000019713
0.018544800000029227
0.018735199999980523
0.019046000000003005
0.018832900000006703
0.019363300000009076
0.019271800000012718
0.018732199999988097
0.020852800000000116
0.03949729999999363
0.019351699999958782
0.019335000000012315
0.02612149999998792
0.019398000000023785
0.019488700000010795
0.020050199999957385
0.019332299999973657
0.01870769999999311
0.019797799999992094
0.02922230000001491
0.019424299999968753
0.02835010000001148
0.02143100000000686
0.01928469999995741
0.018821199999990768
0.029030900000009296
0.022111499999994066
0.01906059999998888
0.021180200000003424
0.018909800000017185
0.01909699999998793
0.0188537000000224
0.020514900000023317
0.023168400000031397
0.021259100000008857
0.01933150000002115
0.01896840000000566
0.018896499999982552
0.020397000000002663
0.019111199999997552
0.019060000000024502
0.019745000000000346
0.028851400000007743
0.024828899999988607
0.019632800000010775
0.01884189999998398
0.018654400000002624
0.021209899999973914
0.024276200000031167
0.01942130000003317
0.019163099999957467
0.020747900000003483
0.02221980000001622
0.020042799999998806
0.02108210000000099
0.020637199999953282
0.019824599999992643
0.01886700000000019
0.02101870000001327
0.019074000000046
0.02256089999997357
0.018803900000023077
0.01877090000004955
0.01878709999999728
0.02111379999996643
0.01930329999999003
0.019417000000032658
0.019251700000040728
0.0207133999999769
0.018880099999989852
0.018790599999988444
0.02203500000001668
0.020925999999974465
0.02095600000001241
0.019819600000005266
0.020512600000017756
0.020032500000013442
0.023275499999954263
0.02117359999999735
0.02077209999998786
0.023866800000007515
0.030519299999980376
0.022425900000030197
0.023272499999961838
0.0199504999999931
0.019376999999963118
0.021008499999993546
0.018487800000002608
0.018392800000015086
0.01880429999999933
0.027829399999973248
0.018371899999976904
0.01837590000002365
0.018578399999967132
0.01969139999999925
0.02030289999999013
0.019119100000011713
0.019575499999973545
0.022938199999998687
0.022087399999975332
0.021245200000009845
0.026958500000034746
0.01925329999994574
0.021071500000005017
0.01938069999999925
0.02072720000001027
0.019454399999972338
0.019487200000014582
0.020680799999979627
0.01993339999995669
0.01963660000001255
0.023847200000034263
0.019037900000000718
0.019677199999989625
0.018213199999991048
0.020172500000001037
0.018560100000001967
0.018696200000022145
0.02122109999999111
0.019736900000054902
0.03783010000000786
0.0371152999999822
0.02362009999995962
0.022644300000024487
0.01889699999998129
0.01843619999999646
0.02118600000000015
0.023994799999968563
0.01857889999996587
0.0188469000000282
0.021208100000023933
0.02502640000000156
0.018712300000004234
0.019648000000017873
0.020448999999985062
0.023162399999989702
0.0287213999999949
0.024793799999997646
0.019535800000028303
0.019802800000036314
0.023552099999960774
0.02353270000003249
0.024098400000013953
0.024472300000013547
0.023254400000041642
0.019165199999974902
0.018900299999984327
0.01802509999998847
0.019194599999991624
0.0224638999999911
0.019330599999989317
0.020563400000014553
0.021508799999992334
0.019973800000002484
0.029138500000044587
0.019841399999961595
0.018076100000030237
0.018025200000010955
0.019596299999989242
0.018077800000014577
0.01918420000004062
0.020095300000036787
0.01917559999998275
0.03464259999998376
0.02031410000000733
0.01955339999994976
0.021585099999981594
0.028557100000000446
0.01805709999996452
0.018430399999999736
0.020886399999994865
0.018966900000009446
0.020416199999999662
0.018764800000042214
0.018760900000017955
0.019095199999981105
0.018720299999984036
0.021892299999990428
0.01961119999998573
0.019097499999986667
0.01903900000002068
0.01909819999997353
0.018430499999965377
0.03156979999999976
0.019749199999978373
0.020456700000011097
0.01885459999999739
0.018707300000016858
0.02095600000001241
0.01852800000000343
0.01963630000000194
0.019101399999954083
0.018628699999965193
0.01995479999999361
0.02118070000000216
0.01849210000000312
0.022272999999984222
0.02013419999997268
0.030005899999991925
0.018675999999970827
0.022990900000024794
0.02831539999999677
0.038944800000024316
0.018916100000012648
0.018989799999985735
0.018909899999982827
0.019316600000024664
