0.022896299999956682
0.018842799999902127
0.020704099999875325
0.020487200000161465
0.021647499999971842
0.019869900000003327
0.026357499999903666
0.024193900000000212
0.020199100000127146
0.02029979999997522
0.02999150000005102
0.025341000000025815
0.0196386000000075
0.020734300000185613
0.019105999999965206
0.0196770000000015
0.021870199999966644
0.019774599999891507
0.02083089999996446
0.031200099999978192
0.029980699999896387
0.02285570000003645
0.0326654000000417
0.020542599999998856
0.018742599999995946
0.019654599999967104
0.020897599999898375
0.020537799999829076
0.018631599999935133
0.01833319999991545
0.018688200000042343
0.018513699999857636
0.018764200000077835
0.018223399999897083
0.01858670000001439
0.018343200000117577
0.018336299999873518
0.01819230000000971
0.01815190000002076
0.018196799999941504
0.020617099999981292
0.02009629999997742
0.02007170000001679
0.018642300000010437
0.02411559999995916
0.020473899999842615
0.01857319999999163
0.018334399999957895
0.01878830000009657
0.01851370000008501
0.018461599999909595
0.01898479999999836
0.022065999999995256
0.021376499999860243
0.020088199999918288
0.02063300000008894
0.020598600000084843
0.020506700000169076
0.02038100000004306
0.020074799999974857
0.019551999999976033
0.01837399999999434
0.029811999999992622
0.018334099999947284
0.01874509999993279
0.019970199999988836
0.02071960000012041
0.018976300000076662
0.018166199999996024
0.019801199999847086
0.02366640000013831
0.028726199999937307
0.020336000000042986
0.023621000000048298
0.022807700000157638
0.02632410000001073
0.021434300000009898
0.018312199999854784
0.018705899999986286
0.018387999999958993
0.019325900000012552
0.022560399999974834
0.018624499999987165
0.019941100000096412
0.019599200000129713
0.018318000000135726
0.018334399999957895
0.018156299999873227
0.01829130000010082
0.018229499999961263
0.01828069999987747
0.018301299999848197
0.01807660000008582
0.019801700000016353
0.020072799999979907
0.020068499999979394
0.022674499999993714
0.018451999999797408
0.01926240000011603
0.01859070000000429
0.02127229999996416
0.022119499999917025
0.01839050000012321
0.018528600000081497
0.019102299999985917
0.020373399999925823
0.020057700000052137
0.019962500000019645
0.018708999999944353
0.01851499999997941
0.017976399999952264
0.01800069999990228
0.018441100000018196
0.018184100000098624
0.02083900000002359
0.01811720000000605
0.01815319999991516
0.020319900000004054
0.01837199999999939
0.01939160000006268
0.018076599999858445
0.01814460000014151
0.01812330000007023
0.01828979999982039
0.01818390000016734
0.018001700000013443
0.01820640000005369
0.018944000000146843
0.019688999999971202
0.018045799999981682
0.018255700000054276
0.018185700000003635
0.028207500000007713
0.02494180000007873
0.018061799999941286
0.018384199999900375
0.018227799999976924
0.01812059999997473
0.018094099999871105
0.01808359999995446
0.017909400000007736
0.018202799999926356
0.018182300000034957
0.0185319999998228
0.01818749999983993
0.020187999999961903
0.018469800000048053
0.02000850000013088
0.018396299999949406
0.021070100000088132
0.021438499999931082
0.021077000000104817
0.020388499999853593
0.0195770000000266
0.019161299999950643
0.019544900000028065
0.019636400000081267
0.019779400000061287
0.019592100000181745
0.01801460000001498
0.01815470000019559
0.018937499999992724
0.018006400000103895
0.020529899999928602
0.0181331000001137
0.017994700000144803
0.018297999999958847
0.01849339999989752
0.020122700000001714
0.018155500000148095
0.01823330000001988
0.01819799999998395
0.018202200000132507
0.01836870000011004
0.018232399999988047
0.01806869999995797
0.020173800000065967
0.018075100000032762
0.018072699999947872
0.01811020000013741
0.018429100000048493
0.02042810000011741
0.018125800000007075
0.018105300000115676
0.018131199999970704
0.01809000000002925
0.018063900000015565
0.01837670000008984
0.018157100000053106
0.018037199999980658
0.018171599999959653
0.018253800000138654
0.018707700000049954
0.018908900000042195
0.018441400000028807
0.01850390000004154
0.018520700000181023
0.01846520000003693
0.01988500000015847
0.01839010000003327
0.018553200000042125
0.01815929999997934
0.01789690000009614
0.018412399999988338
0.01808090000008633
0.018271799999865834
0.018667199999981676
0.01865090000001146
0.017840799999930823
0.018246299999873372
0.017955499999970925
0.018060899999909452
0.01963560000012876
0.01966519999996308
0.021108299999923474
0.01978559999997742
0.018499600000041028
0.018915599999900223
0.02060910000000149
0.020078600000033475
0.018231599999808168
0.020061700000042038
0.018270199999960823
0.018051399999876594
0.018457599999919694
0.01823770000009972
0.018046099999992293
0.018241799999941577
0.018001400000002832
0.018081200000096942
0.018207300000085525
0.01842139999985193
0.018013800000062474
0.01825280000002749
0.018162300000085452
0.020603599999958533
0.018041000000039276
0.017845399999941947
0.019008800000165138
0.020206600000165054
0.019790099999909216
0.018605700000080105
0.019476499999882435
0.019998399999849426
0.018778899999915666
0.02021480000007614
0.01859169999988808
0.01989370000001145
0.01867479999987154
0.01879359999998087
0.018591600000036124
0.01821990000007645
0.01772139999980027
0.01791769999999815
0.018403499999976702
0.01843319999989035
0.02235330000007707
0.01850930000000517
0.019935199999963515
0.020075200000064797
0.018709400000034293
0.018718000000035317
0.018599300000005314
0.021067299999913303
0.01865700000007564
0.018352999999933672
0.018413300000020172
0.018376399999851856
0.019598099999939222
0.01780859999985296
0.019777700000076948
0.01790249999999105
0.018186000000014246
0.018251599999985046
0.018107400000189955
0.01820470000006935
0.0179468999999699
0.017803299999968658
0.01820909999992182
0.018357499999865468
0.01813739999988684
0.017961900000045716
0.017895700000053694
0.018326199999819437
0.01896790000000692
0.01794459999996434
0.01784540000016932
0.01816459999986364
0.018018399999846224
0.01810109999996712
0.018378600000005463
0.018009699999993245
0.01785399999994297
0.018223700000135068
0.019269899999926565
0.019094499999937398
0.018300499999895692
0.018323800000189294
0.018447899999955553
0.01812710000012885
0.018988900000067588
0.018578800000113915
0.01809410000009848
0.018059399999856396
0.018407999999908498
0.018253700000059325
0.01931220000005851
0.018215999999938504
0.01799750000009226
0.018103000000110114
0.018212499999890497
0.01802569999995285
0.018499299999803043
0.018128000000160682
0.02049529999999322
0.018097099999977218
0.018165100000032908
0.01834180000014385
0.018230299999913768
0.019580200000063996
0.0179032000000916
0.018253400000048714
0.018374900000026173
0.018346600000086255
0.017933000000084576
0.017836200000147073
0.01804889999993975
0.020186599999988175
0.01777089999995951
0.01791200000002391
0.01800860000003013
0.018273200000066936
0.017961499999955777
0.020259899999928166
0.017699499999935142
0.017820799999981318
0.01804930000002969
0.017939000000069427
0.017962200000056328
0.017844900000000052
0.018020100000057937
0.017984099999921455
0.017729099999996834
0.017800099999931263
0.020703400000002148
0.01846320000004198
0.018174999999928332
0.0202236999998604
0.018352600000071106
0.01975429999993139
0.017914499999960753
0.019721899999922243
0.017960000000130094
0.01793099999986225
0.018122200000107114
0.019330000000081782
0.01772590000018681
0.018386399999826608
0.017841500000031374
0.018426400000180365
0.01818249999996624
0.018293699999958335
0.01792440000008355
0.01789209999992636
0.01791130000015073
0.020636599999988903
0.01788189999979295
0.017776400000002468
0.018305900000086694
0.01889230000006137
0.017895800000133022
0.020076300000027913
0.01823629999989862
0.018408500000077765
0.017838500000152635
0.018120400000043446
0.018359000000145898
0.017895299999963754
0.017821700000013152
0.01782279999997627
0.018341200000122626
0.017975400000068475
0.017871799999966242
0.017837099999951533
0.01809370000000854
0.017922900000030495
0.017768900000191934
0.019923999999946318
0.018105899999909525
0.0178157000000283
0.018156999999973777
0.01838169999996353
0.017765400000143927
0.018047899999828587
0.018197200000031444
0.018630900000061956
0.01865549999979521
0.018116999999847394
0.020703899999944042
0.01828339999997297
