0.022323300000152813
0.021336399999881905
0.029150100000151724
0.031150300000035713
0.02886439999997492
0.03086370000005445
0.020032399999990957
0.026025699999991048
0.019169800000099713
0.022638099999994665
0.022379899999805275
0.021628499999906126
0.0217841999999564
0.018974399999933667
0.020879200000081255
0.018707499999891297
0.018795100000033926
0.02268570000001091
0.019900300000017523
0.019400899999936883
0.020927100000108112
0.01995929999998225
0.019809399999985544
0.018775000000005093
0.018706999999949403
0.019117800000003626
0.020736800000122457
0.019305599999825063
0.02871410000011565
0.019316299999900366
0.02125449999994089
0.02411090000009608
0.02292899999997644
0.021209900000030757
0.024045599999908518
0.028989500000079715
0.019733399999950052
0.02831900000001042
0.02810300000010102
0.02512220000016896
0.02910810000003039
0.02025909999997566
0.03175019999980577
0.03140910000001895
0.018971100000044316
0.018654400000059468
0.019136899999921297
0.025994600000103674
0.02969230000007883
0.02137300000003961
0.019515599999976985
0.020488200000045254
0.02287849999993341
0.026449500000126136
0.03071730000010575
0.021250400000099035
0.020185200000014447
0.020165599999927508
0.02015690000007453
0.021665499999926396
0.01968669999996564
0.019223199999942153
0.0231148000000303
0.022072799999932613
0.019240999999965425
0.020078899999816713
0.0189480999999887
0.025156000000151835
0.020629500000040935
0.02048119999994924
0.029505800000151794
0.029587900000024092
0.023015100000066013
0.021104299999933573
0.025156799999876966
0.023606299999983094
0.023707600000079765
0.02176699999995435
0.019904300000007424
0.019297499999993306
0.019951400000081776
0.02069670000014412
0.02087589999996453
0.019270499999947788
0.02073829999994814
0.027099899999939225
0.01979940000001079
0.02063710000015817
0.02066560000002937
0.018682599999920058
0.021992500000123982
0.02024540000002162
0.019223900000042704
0.019317699999874094
0.02058339999985037
0.02357180000012704
0.021256699999867124
0.020566899999948873
0.02970620000019153
0.018985599999950864
0.018809599999940474
0.019019600000092396
0.022000700000035067
0.024241999999958352
0.020127100000081555
0.01840900000001966
0.027509499999951004
0.01892730000008669
0.018815899999935937
0.019971599999962564
0.019187499999816282
0.01892720000000736
0.026081599999997707
0.018977200000108496
0.021440799999936644
0.019933700000137833
0.019195500000023458
0.019886599999836108
0.01975500000003194
0.02103990000000522
0.018755499999997483
0.01972099999989041
0.029270099999848753
0.01888190000022405
0.02265979999992851
0.018640600000026097
0.019556299999976545
0.019305199999962497
0.019171500000084052
0.020615800000086892
0.020537599999897793
0.021613699999988967
0.02234819999989668
0.02113469999994777
0.019591400000081194
0.020767699999851175
0.019091300000127376
0.020217000000002372
0.02010759999984657
0.019974199999978737
0.023558200000024954
0.01891010000008464
0.018782800000053612
0.01906819999999243
0.020641900000100577
0.020052599999871745
0.027302499999905194
0.018886999999949694
0.024928099999897313
0.02286709999998493
0.019104999999854044
0.03039859999989858
0.018518099999937476
0.02017610000007153
0.021661700000095152
0.019081500000083906
0.020139900000003763
0.019049300000006042
0.020551999999952386
0.019573199999967983
0.019081900000173846
0.020616300000028787
0.027568200000132492
0.029551500000025044
0.018883000000187167
0.01902790000008281
0.019018200000118668
0.025761300000112897
0.03716660000009142
0.018827800000053685
0.02086860000008528
0.019808400000101756
0.019230000000106884
0.01859510000008413
0.018812499999967258
0.026279100000010658
0.020911600000090402
0.0219180999999935
0.033408199999939825
0.01979340000002594
0.019699000000173328
0.023878200000126526
0.018750699999827702
0.01887439999995877
0.022420399999873553
0.019065500000124302
0.01927509999995891
0.01883140000018102
0.019424000000071828
0.02136459999996987
0.023957599999903323
0.022632700000031036
0.022357499999998254
0.01989000000003216
0.018552999999883468
0.01875459999996565
0.023125700000036886
0.018668799999886687
0.03555170000004182
0.026384200000165947
0.018951199999946766
0.020369300000083967
0.02198420000013357
0.023046000000022104
0.019418899999891437
0.022027299999990646
0.01907859999982975
0.02578370000014729
0.025956799999903524
0.019012599999996382
0.02014269999995122
0.018366000000014537
0.018716799999992872
0.02160720000006222
0.019123000000035972
0.021225399999821093
0.018589499999961845
0.018991700000015044
0.024624499999845284
0.019426099999918733
0.021047400000043126
0.02344830000015463
0.019061100000044462
0.019539600000143764
0.01942830000007234
0.019611500000110027
0.023696500000141896
0.01877009999998336
0.01896260000012262
0.0189792999999554
0.019100999999864143
0.018794500000012704
0.020410699999956705
0.023091700000122728
0.02454170000009981
0.03766310000014528
0.02593339999998534
0.019838000000163447
0.021005999999943015
0.021582900000112204
0.022611300000107803
0.0198081999999431
0.01903849999985141
0.029125999999905616
0.018920199999911347
0.018884100000150283
0.023906299999907787
0.020746599999938553
0.026579399999945963
0.02014429999985623
0.01925359999995635
0.02016959999991741
0.02026679999994485
0.023722899999938818
0.021237899999960064
0.019356799999968644
0.032908200000065335
0.020431600000165417
0.021032599999898594
0.020675099999834856
0.021333400000003166
0.019057299999985844
0.021323100000017803
0.022023800000170013
0.02008109999997032
0.020393900000044596
0.019677100000080827
0.023644600000125138
0.03181870000003073
0.03029970000011417
0.03267449999998462
0.019513799999913317
0.018832499999916763
0.018656499999906373
0.019074799999998504
0.01840730000003532
0.018685100000084276
0.01953630000002704
0.020547100000158025
0.01902549999999792
0.020587700000078257
0.019229099999847676
0.022091100000125152
0.02287309999996978
0.020192199999883087
0.01947329999984504
0.02300769999988006
0.018783600000006118
0.018399799999997413
0.018609999999853244
0.018516600000111794
0.03375700000015058
0.019316099999969083
0.019515899999987596
0.019963600000210135
0.018363500000077693
0.028590500000063912
0.02065960000004452
0.019396600000163744
0.019744100000025355
0.020656400000007125
0.018370499999946333
0.018895100000008824
0.018314700000019002
0.01850889999991523
0.02165489999993042
0.018335400000069058
0.019043499999952473
0.018785999999863634
0.019661000000041895
0.038843899999847054
0.033527999999932945
0.019628000000011525
0.01829520000001139
0.019049399999857997
0.018605800000159434
0.018444199999976263
0.01839250000011816
0.01834469999994326
0.018127900000081354
0.01817010000013397
0.018184300000029907
0.01922920000015438
0.019418800000039482
0.019370299999991403
0.019639999999981228
0.027946599999950195
0.017989500000112457
0.01826859999982844
0.019328900000118665
0.019171899999946618
0.019259900000179186
0.019570799999883093
0.019588600000133738
0.025259199999936754
0.01950669999996535
0.026559800000086398
0.01928230000021358
0.01854959999991479
0.018632000000025073
0.01822989999982383
0.01824609999994209
0.0180867000001399
0.01961909999999989
0.028750500000114698
0.018170199999985925
0.018260000000054788
0.01925600000004124
0.01842480000004798
0.0184199999998782
0.02403639999988627
0.03336410000019896
0.03283299999998235
0.02021070000000691
0.018275099999982558
0.025931700000001
0.018515499999921303
0.019281699999964985
0.018429599999990387
0.01977430000010827
0.018234300000131043
0.018475900000112233
0.019211700000141718
0.018221700000140117
0.01944539999999506
0.019273299999895244
0.028545699999995122
0.028931000000056883
0.018149999999877764
0.01929340000015145
0.01937920000000304
0.01797549999992043
0.01863439999988259
0.01897359999998116
0.018174900000076377
0.018355700000029174
0.01823189999981878
0.018644699999867953
0.025608499999862033
0.01839849999987564
0.018360100000109014
0.019747499999994034
0.018629500000088228
0.018432899999879737
0.020701099999996586
0.01824150000015834
0.018210899999985486
0.020125100000086604
0.01894399999991947
0.02108959999986837
0.01951520000011442
0.01836160000016207
0.01917730000013762
0.024689099999932296
0.018515999999863197
0.01835380000011355
0.01908429999980399
0.018624399999907837
0.021349599999894053
0.02198669999984304
