0.02135420000013255
0.022530100000039965
0.028225400000337686
0.02373479999960182
0.03541510000013659
0.02571520000037708
0.023909999999887077
0.03381420000005164
0.026951000000281056
0.023813899999822752
0.027693300000009913
0.030749399999876914
0.019609099999797763
0.0195318999999472
0.02079779999985476
0.02343299999984083
0.02212839999992866
0.030564500000309636
0.01885760000004666
0.01883460000044579
0.01950410000017655
0.018475500000022294
0.018643300000348972
0.018638300000020536
0.020539199999802804
0.01886000000013155
0.020815099999708764
0.019046999999773107
0.019804000000021915
0.02143870000008974
0.019206999999823893
0.021582800000032876
0.020915900000090915
0.019237800000155403
0.0227973999999449
0.029369899999892368
0.01902170000039405
0.019784100000379112
0.027912600000036036
0.01985740000009173
0.022868199999720673
0.01863580000008369
0.0185062000000471
0.018520100000387174
0.018851999999697
0.0185910000000149
0.02127729999983785
0.01960060000010344
0.01938449999988734
0.0198737999999139
0.021218899999894347
0.022433599999658327
0.03014519999987897
0.025740699999914796
0.01945190000014918
0.01904549999972005
0.036197899999933725
0.03172409999979209
0.02182390000007217
0.021480500000052416
0.020106999999825348
0.023782700000083423
0.018770000000131404
0.018827500000043074
0.018894599999839556
0.019101800000044022
0.018996700000116107
0.018436299999848416
0.01922130000002653
0.018947099999877537
0.01844279999977516
0.018745099999705417
0.018657799999800773
0.018708300000071176
0.025673399999959656
0.022912999999789463
0.018326899999919988
0.037247600000227976
0.01899569999977757
0.01887219999980516
0.020375699999931385
0.018472299999757524
0.0190640999999232
0.018401299999823095
0.019910500000150932
0.018903300000147283
0.02015690000007453
0.01910330000009708
0.019202599999971426
0.018708000000060565
0.019081899999946472
0.018724500000189437
0.01844649999975445
0.0184942000000774
0.018394100000023172
0.01908370000001014
0.018430500000249594
0.02036260000022594
0.0199998000002779
0.019026800000119692
0.01847200000020166
0.018753299999843875
0.01843589999998585
0.018486399999801506
0.018241799999941577
0.018815400000221416
0.02099690000022747
0.01824450000003708
0.0206014000000323
0.020470499999646563
0.018854300000384683
0.019421599999986938
0.018697100000281353
0.028685199999927136
0.01838610000004337
0.021525800000290474
0.018526100000144652
0.01876429999992979
0.018301200000223616
0.01834129999997458
0.018944500000088738
0.018464900000253692
0.02030400000012378
0.02609100000017861
0.028287399999953777
0.020949499999915133
0.018279899999924965
0.018629500000315602
0.019832400000268535
0.019400000000132422
0.018627099999775965
0.01858380000021498
0.020689500000116823
0.023812700000235054
0.018379399999957968
0.018336699999963457
0.018297199999778968
0.019031100000120205
0.01905140000008032
0.01838180000004286
0.017983899999762798
0.018335499999921012
0.018819100000200706
0.01883540000017092
0.01855780000005325
0.02586200000041572
0.020007600000099046
0.01838899999984278
0.018734799999947427
0.018404600000394566
0.018838000000414468
0.01834950000011304
0.018471900000349706
0.01864660000001095
0.018523499999901105
0.019577699999899778
0.020928599999933795
0.019534900000053312
0.01954040000009627
0.018350399999690126
