0.04413729999214411
0.03204000000550877
0.04090870000072755
0.05737980001140386
0.04849590000230819
0.04177510000590701
0.04951350000919774
0.04437370000232477
0.03227980001247488
0.03897270000015851
0.036257100000511855
0.040222499999799766
0.04641979999723844
0.04595129999506753
0.045434899991960265
0.04817009999533184
0.05026709999947343
0.04138549999333918
0.03867879998870194
0.05223239999031648
0.03591920000326354
0.03909040000871755
0.03133870000601746
0.032134499997482635
0.03670779999811202
0.04506670001137536
0.03636870000627823
0.05026039999211207
0.05900719999044668
0.052994900004705414
0.04843039999832399
0.04474080000363756
0.041475799996987917
0.03150880000612233
0.05504409999412019
0.04045159999805037
0.031229700005496852
0.038204000011319295
0.03147829999215901
0.04777640000975225
0.030695499997818843
0.04303339999751188
0.03186760000244249
0.04800279998744372
0.038408499996876344
0.048332100006518885
0.049087999999755993
0.04021939999074675
0.047525499991024844
0.05494479999470059
0.03470619999279734
0.039041700001689605
0.035102400011965074
0.044349500007228926
0.03826640000625048
0.031432300005690195
0.03220309999596793
0.04210429999511689
0.037823299993760884
0.03206470000441186
0.03411700000287965
0.036026700006914325
0.053450199993676506
0.037205100001301616
0.04374549999192823
0.03153629999724217
0.05601869999372866
0.04739110000082292
0.045008200002484955
0.04153970000334084
0.038364699998055585
0.05722060000698548
0.047123199998168275
0.05815959999745246
0.03165789999184199
0.033637100001215
0.036634899995988235
0.03903580000041984
0.05665620000218041
0.059411800000816584
0.04101129999617115
0.04846280001220293
0.045775799997500144
0.03188880000379868
0.03253480000421405
0.054956400010269135
0.045410299993818626
0.030274799995822832
0.03563289999146946
0.046718900004634634
0.036431400003493764
0.0311336000013398
0.039050500010489486
0.05148989999725018
0.030818200000794604
0.03562570000940468
0.03594129999692086
0.03564370000094641
0.04983190000348259
0.03218419999757316
0.039313699991907924
0.06261139998969156
0.047625600011087954
0.034183499999926426
0.04519099999743048
0.03351439999823924
0.034553100005723536
0.03696240000135731
0.04620670000440441
0.04246450000209734
0.03437870000198018
0.03970870000193827
0.038807699995231815
0.0402306000032695
0.041159599990351126
0.04280359999393113
0.030733499996131286
0.038700799996149726
0.034600099999806844
0.04431150000891648
0.04523530000005849
0.057018899999093264
0.043943700002273545
0.046588400000473484
0.03968000000168104
0.03834790000109933
0.05229199999303091
0.04052070000034291
0.04635090001102071
0.054234899987932295
0.04463509999914095
0.03439109999453649
0.048756599993794225
0.0443375000031665
0.038504800002556294
0.0394594999961555
0.038981699995929375
0.03508770000189543
0.03627250000135973
0.03500970000459347
0.04174139999668114
0.04896010000084061
0.05223769998701755
0.030334700000821613
0.03525519999675453
0.03630370000610128
0.031057400003192015
0.03516350001154933
0.04409390001092106
0.031076900006155483
0.03865240000595804
0.03347960000974126
0.04096749999735039
0.04108599999744911
0.03755680000176653
0.03567080000357237
0.04500469999038614
0.03985899999679532
0.04134890000568703
0.05455489999440033
0.03762290001031943
0.04034360000514425
0.04829829999653157
