0.0363428999989992
0.03587890000198968
0.03320600000733975
0.035242900004959665
0.032969599997159094
0.032618099998217076
0.03462069999659434
0.03524650000326801
0.03029959999548737
0.031795999995665625
0.0373948000051314
0.03146419998665806
0.031531400003586896
0.03881840000394732
0.031328600001870655
0.03280310000991449
0.03319740000006277
0.030166600001393817
0.03546990000177175
0.030062799996812828
0.03260299999965355
0.03142080000543501
0.03328650000912603
0.03483439999399707
0.033397799998056144
0.0304420000029495
0.0333534000092186
0.030650700005935505
0.030210900004021823
0.03673369999160059
0.030179900000803173
0.033409299998311326
0.03291370000806637
0.03324760000396054
0.03010629999334924
0.031173299998044968
0.03393140000116546
0.030910299989045598
0.03527849999954924
0.029991000003064983
0.03304920000664424
0.0306945999909658
0.031214900009217672
0.033022899995557964
0.033384800000931136
0.0329965999990236
0.0331669999868609
0.03059729999222327
0.0330985999898985
0.034324199994443916
0.03244930000801105
0.033407299997634254
0.03326529999321792
0.029635099999723025
0.0339349999994738
0.034483700001146644
0.031754499999806285
0.0334104999928968
0.03318579999904614
0.03345180000178516
0.029706900008022785
0.03590319999784697
0.029678899998543784
0.03645289999258239
0.030476600004476495
0.03330499998992309
0.033030900012818165
0.031307199998991564
0.03240959999675397
0.030157400004100055
0.032857700003660284
0.03227619999961462
0.0336269999970682
0.03284169999824371
0.030781699999351986
0.03314179999870248
0.03450820001307875
0.03310450000572018
0.03141870000399649
0.03337639999517705
0.029658299987204373
0.03637079999316484
0.029972099990118295
0.033829400010290556
0.030064300008234568
0.03376389999175444
0.03032470001198817
0.03315350000048056
0.030891100002918392
0.032983600001898594
0.0311618000123417
0.03325290000066161
0.03315859999565873
0.029352799989283085
0.03157200000714511
0.030522500004735775
0.03273869999975432
0.03310240000428166
0.03322269998898264
0.03106020000996068
0.03320769999118056
0.03340229998866562
0.03277790000720415
0.03294819999428
0.030617500000516884
0.03356920000805985
0.030762199996388517
0.03524640000250656
0.03422159999900032
0.02995779999764636
0.030321800004458055
0.03033789999608416
0.032695500005502254
0.030522100001689978
0.03322699999262113
0.029898500011768192
0.03323850000742823
0.03069280000636354
0.030132500003674068
0.03345469999476336
0.02946190000511706
0.036866200010990724
0.029651699995156378
0.036529800010612234
0.03334440001344774
0.032802100002299994
0.03222369999275543
0.03326080000260845
0.03251079999608919
0.03292529999453109
0.033215200004633516
0.032745500007877126
0.033112599994638
0.031304899996030144
0.032384099991759285
0.033348700002534315
0.033280400006333366
0.033114000005298294
0.033931500001926906
0.03241860000707675
0.033079900007578544
0.03289259999291971
0.03283560001000296
0.03329350000421982
0.033413100012694485
0.033096900006057695
0.031587899997248314
0.03393119999964256
0.03292890000739135
0.03083150000020396
0.03307769999082666
0.03313650000200141
0.029527099992264993
0.03351549999206327
0.03395799999998417
0.031472299990127794
0.03075959999114275
0.032831799995619804
0.03318170001148246
0.03314279999176506
0.032861800005775876
0.032818300009239465
0.030322200007503852
0.03342720000364352
0.030111500003840774
0.030501299988827668
0.029427899993606843
0.03234740000334568
0.03289800000493415
0.03333039999415632
0.03276899999764282
0.03306099999463186
0.033196300006238744
0.030091699998592958
0.03347919999214355
0.034135199995944276
0.03292310000688303
0.03188680000312161
0.03332189998764079
0.030735499996808358
0.03297470000688918
0.03320190000522416
0.035350499994819984
0.03306640000664629
0.03330399999686051
0.031486999985645525
0.03419690000009723
0.03067350000492297
0.032388799998443574
0.033049599995138124
0.03311329999996815
0.029477500007487833
0.03320510000048671
0.033084800001233816
0.032983999990392476
0.033268700004555285
0.030258400001912378
0.033201099999132566
0.033552599998074584
0.0329520999948727
0.03265720000490546
0.03308840001409408
0.03339290000440087
0.0328181999939261
0.03092560000368394
0.030618099990533665
0.029434700001729652
0.030912600006558932
0.034262800007127225
0.030160199996316805
0.030111200001556426
0.032225600007222965
0.03300440000020899
0.03318579999904614
0.03234520000114571
0.029930499993497506
0.03387659999134485
0.035176099991076626
0.03348319999349769
0.03291039999749046
0.030077599993092008
0.03327980000176467
0.030360100005054846
0.029712400006246753
0.03671339999709744
0.02934000000823289
0.036758599992026575
0.03228260000469163
0.03233219998946879
0.033010999992256984
0.03129090000584256
0.03310460000648163
0.03259859999525361
0.03275240000220947
0.03110700000252109
0.03361509999376722
0.03727670000807848
0.03342960000736639
0.030317400000058115
0.033043700008420274
0.03267470000719186
0.030932499998016283
0.033353100006934255
0.033029300000634976
0.033239800002775155
0.02958050000597723
0.03361310000764206
0.03333059999567922
0.030728600002476014
0.030300300000817515
0.03319139999803156
0.03051160000904929
0.03330239999922924
0.031534499998087995
0.030895400006556883
0.03551560000050813
0.0304415999999037
0.03336489999492187
0.0331302999984473
0.03011579999292735
0.030540099993231706
0.030905499996151775
0.033000299998093396
0.033244200007175095
0.030229800002416596
0.031103000001166947
0.030104899997240864
0.03275209999992512
0.03306899999734014
0.029297699991730042
0.03337449999526143
0.03125939999881666
0.03493270000035409
0.03236109999124892
0.03067719998944085
0.03146519999427255
0.03317369999422226
0.03313799999887124
0.032418199989479035
0.030432700004894286
0.03288229998725001
0.029915000006440096
0.03329500000108965
0.029395300007308833
0.03434980000020005
0.030004999993252568
0.03386110000428744
0.030283200001576915
0.030195900006219745
0.0296224999910919
0.030329499990330078
0.0342162000015378
0.03177660000801552
0.03398619999643415
0.030702000003657304
0.03202410000085365
0.030287600005976856
0.03040319999854546
0.03262640000320971
0.03190619999077171
0.032902099992497824
0.029896599997300655
0.03321799999685027
0.02945640000689309
0.03424620001169387
0.03259779998916201
0.03114040000946261
0.03291049999825191
0.030866899993270636
0.031698300008429214
0.03405869999551214
0.03064849998918362
0.03271200000017416
0.033071699988795444
0.032640599994920194
0.03323090000776574
0.03044380000210367
0.03094769999734126
0.03046599999652244
0.030046400002902374
0.03305640000326093
0.032874800002900884
0.031171599999652244
0.03464540001004934
0.03248639999947045
0.0321173000120325
0.0328977000026498
0.032782700000097975
0.03312520000326913
0.030163299990817904
0.03125859999272507
0.03087970000342466
0.03485719999298453
0.030116499998257495
0.03288559999782592
0.03320309999980964
0.03295399999478832
0.03298069999436848
0.03010619999258779
0.03328640000836458
0.03025270000216551
0.03019599999242928
0.03212629999325145
0.029557599991676398
0.03444339999987278
0.03227830000105314
0.03303520000190474
0.0332942999957595
0.030014700008905493
0.03305420000106096
0.03318909999507014
0.03340380000008736
0.032148600002983585
0.03312619999633171
0.03286870000010822
0.033702000000630505
0.03390670000226237
0.030502900001010858
0.03287520000594668
0.03324350000184495
0.03365860000485554
0.03315170000132639
0.029613299993798137
0.033077800006140023
0.030673100001877174
0.035240800003521144
0.03308470000047237
0.03290239999478217
0.03093240001180675
0.03314309999404941
0.033068499993532896
0.03287779999664053
0.03277950000483543
0.03305800000089221
0.03285899999900721
0.03262389999872539
0.033196699994732626
0.03301939999801107
0.03293110000959132
0.030242099994211458
0.029765699990093708
0.03342269999848213
0.03051979999872856
0.03061520001210738
0.031062000009114854
0.030301399994641542
0.03072779999638442
0.033747800000128336
0.03250750000006519
0.031455399992410094
0.03306089999387041
0.03748749999795109
0.03737459999683779
0.03573529999994207
0.038514100000611506
0.03091429999039974
0.035579200004576705
0.03908170000067912
0.03676110001106281
0.04548459999205079
0.03978530000313185
0.03643569999258034
0.03568020000238903
0.037648500001523644
0.04091549999429844
0.04032729999744333
