0.04871659999480471
0.04728090000571683
0.04386730000260286
0.034638600001926534
0.04472130000067409
0.03685960000439081
0.03808690000732895
0.04292459999851417
0.0388163000025088
0.04487309999240097
0.034004899993306026
0.048172000009799376
0.047633700000005774
0.05561850000231061
0.032219499989878386
0.03651669999817386
0.04681759999948554
0.03379419998964295
0.0324380999954883
0.0383766999875661
0.03251200000522658
0.03524660000402946
0.042958400008501485
0.03830319999542553
0.055506100005004555
0.047238400002243
0.049396700007491745
0.03556400000525173
0.041166599999996834
0.03941399999894202
0.03295330000401009
0.048618100001476705
0.04009139999106992
0.0333400000090478
0.04153619999124203
0.036230300000170246
0.03210189999663271
0.042046500006108545
0.042075899997144006
0.031243600009474903
0.03983029999653809
0.04053870000643656
0.036409799999091774
0.035157199992681853
0.033724199995049275
0.04116539999085944
0.04861250000249129
0.043481899992912076
0.03190600000380073
0.04630600000382401
0.03608939998957794
0.03991150000365451
0.03687890000583138
0.0388391999877058
0.03459140000632033
0.046089600000414066
0.03527219999523368
0.03588950000994373
0.04466419998789206
0.03772019999451004
0.04440109999268316
0.0450655999884475
0.03244959999574348
0.04304029999184422
0.04226219998963643
0.04178240000328515
0.034560800006147474
0.04178929999761749
0.05393140000523999
0.039628299986361526
0.049261100008152425
0.0507969000027515
0.041558199998689815
0.041209400005755015
0.03698949998943135
0.037065199998323806
0.04418989999976475
0.05053100000077393
0.0346925000048941
0.04304319999937434
0.036874099998385645
0.0317013999883784
0.047294200005126186
0.03978369999094866
0.041850900001008995
0.0356138000061037
0.03187880000041332
0.04460339999059215
0.04731359999277629
0.032780699999420904
0.034039800011669286
0.049365400001988746
0.040659800011781044
0.052206399996066466
0.035891300009097904
0.03462259999650996
0.03168569999979809
0.03238170000258833
0.04779120000603143
0.03877990000182763
0.04077199999301229
0.04259660000388976
0.061076400001184084
0.03422129999671597
0.0382878999953391
0.04210239999520127
0.031361900008050725
0.041591600005631335
0.041478999992250465
0.042958300007740036
0.04469159999280237
0.03749909999896772
0.03591279999818653
0.03409819999069441
0.04421589999401476
0.042417799995746464
0.03173659999447409
0.03627439998672344
0.042465799997444265
0.04717499999969732
0.04663539999455679
0.04563350000535138
0.03244200001063291
0.03570160000526812
0.03344860000652261
0.04494769999291748
0.04722659999970347
0.032681199998478405
0.035768899993854575
0.03837470000144094
0.031423199994605966
0.04678079999575857
0.04003069999453146
0.03323339999769814
0.05071730000781827
0.05895130000135396
0.06034229999931995
0.047357999996165745
0.036464300006628036
0.03552920000220183
0.03987269999925047
0.04065289998834487
0.037565200007520616
0.04359889999614097
0.05494719999842346
0.03809620000538416
0.04011430000537075
0.04035239999939222
0.03340459999162704
0.03825199999846518
0.0346445000031963
0.043581199992331676
0.05073499999707565
0.03279950001160614
0.034476100001484156
0.045424399999319576
0.03475750000507105
0.03212379998876713
0.03256609999516513
0.03349319999688305
0.03317000000970438
0.03325490000133868
0.03138580000086222
0.03343879999010824
0.030175499996403232
0.03283979999832809
0.0324213999992935
0.03349549999984447
0.029848699996364303
0.03319929999997839
0.03218050001305528
0.04067439999198541
0.03487150000000838
0.03085080000164453
0.03481320000719279
0.034829600001103245
0.03545129999110941
0.03173380000225734
0.03430099999241065
0.041708000004291534
0.030382800003280863
0.030275800003437325
0.031242900004144758
0.036465999990468845
0.03158179999445565
0.03896220000751782
0.03073130000848323
0.03349119999620598
0.030721999995876104
0.03306529999827035
0.030781599998590536
0.033385899994755164
0.030741299997316673
0.03236610000021756
0.03199990000575781
0.033012300002155825
0.034810199998901226
0.03312530000403058
0.03236520000791643
0.031188699998892844
0.03359140000247862
0.060243400002946146
0.032784900002297945
0.03410990000702441
0.05993650000891648
0.04949589999159798
0.03375889999733772
0.03340540001227055
0.029761399986455217
0.033500500008813106
0.03336980000312906
0.03360320000501815
0.034781199996359646
0.030290299997432157
0.03399120000540279
0.0353367000061553
0.029700600003707223
0.03483109999797307
0.03216950000205543
0.030701600000611506
0.033345700008794665
0.04538179999508429
0.032976599992252886
0.033288499995251186
0.03449940000427887
0.03175559999363031
0.0323080999951344
0.033647800009930506
0.03255380000337027
0.03321029999642633
0.04451639999751933
0.06226849999802653
0.05391149999923073
0.033624200004851446
0.03465279999363702
0.03305650000402238
0.0330960999999661
0.029642699999385513
0.030986900004791096
0.031199299992294982
0.030975200003013015
0.0342640000017127
0.02970379999896977
0.031896900007268414
0.03998880001017824
0.03359869999985676
0.031197700009215623
0.032947799991234206
0.033945099989068694
0.03024819999700412
0.03081969999766443
0.03296739999495912
0.03042559999448713
0.03213779999350663
0.033693199991830625
0.03313450000132434
0.03030600000056438
0.030175399995641783
0.03334389999508858
0.03281750000314787
0.03400879999389872
0.03157209999335464
0.03432610000891145
0.02978489999077283
0.03764219999720808
0.02978169999551028
0.03668580000521615
0.029759800003375858
0.03609449999930803
0.029928499992820434
0.03142370001296513
0.030497900006594136
0.03056990000186488
0.035042899995460175
0.03469209998729639
0.030289600006653927
0.033109500000136904
0.029470299996319227
0.03284860000712797
0.033196100004715845
0.03285560000222176
0.03131159998883959
0.03411500000220258
0.029460300007485785
0.03707859999849461
0.029415699988021515
0.034110900000086986
0.030528000002959743
0.03338009999424685
0.0313808000064455
0.032722200005082414
0.029560700000729412
0.03297000000020489
0.03106689998821821
0.03103360001114197
0.03438129999267403
0.02997220000543166
0.03418760000204202
0.029708100002608262
0.029989599992404692
0.03160329999809619
0.034574800010886975
0.03281120001338422
0.030726099997991696
0.029673900004127063
0.033123700006399304
0.0312469000054989
0.03324079999583773
0.033179999998537824
0.03244160000758711
0.03315679999650456
0.030360899996594526
0.030864200001815334
0.031033899998874404
0.030477499996777624
0.030209199991077185
0.03207919999840669
0.036026099987793714
0.029503600002499297
0.0336381000088295
0.032618199998978525
0.03334520000498742
0.030696299989358522
0.032618199998978525
0.033002000011038035
0.03301420000207145
0.030107099999440834
0.030634399998234585
0.030440699993050657
0.03269170000567101
0.03038159999414347
0.033716200006892905
0.030067200001212768
0.030764900002395734
0.030682099997648038
0.03444249999301974
0.03590000000258442
0.03257579999626614
0.032921199992415495
0.02952229999937117
0.03342979999433737
0.030178700006217696
0.032198199987760745
0.0318148999940604
0.03283969999756664
0.0294692000024952
0.03129129999433644
0.03338209999492392
0.03476950000913348
0.033097699997597374
0.03304549999302253
0.03238059999421239
0.029615299994475208
0.03058410000812728
0.030881400001817383
0.030634499998996034
0.03175120000378229
0.03341709999949671
0.03331080000498332
0.03893770001013763
0.029571799997938797
0.03313290000369307
0.0329601000121329
0.030771899997489527
0.03290169998945203
0.029267599995364435
0.0333459999965271
0.030269299997598864
0.030891599992173724
0.030612599992309697
0.031227200001012534
0.03841219999594614
0.02976449999550823
0.031136999998125248
0.03422600000340026
0.03076310000324156
0.03281980000610929
0.0338562999968417
0.029488000000128523
0.03071269999782089
0.030707599988090806
0.030624899998656474
0.03086569999868516
0.03329920000396669
0.03187969999271445
0.03233649999310728
0.029540799994720146
0.03350009999121539
0.034599699996761046
0.034154000008129515
0.03537480000522919
0.03301139999530278
0.03258899999491405
0.03292150000925176
0.02940379999927245
0.034013900003628805
0.030857599995215423
0.03269410000939388
0.03032040000834968
0.030264300003182143
0.03185769999981858
0.030532400007359684
