0.060626299993600696
0.06043129999306984
0.058856099989498034
0.05861409999488387
0.05987339999410324
0.06082889999379404
0.062368999992031604
0.06383129999449011
0.06108700000913814
0.06114640001032967
0.05532300000777468
0.06069490000663791
0.054412899989984
0.06264769998961128
0.04614120000042021
0.04065749999426771
0.051860100007615983
0.06012029999692459
0.05217520000587683
0.04267429999890737
0.053595699995639734
0.05598479999753181
0.06043919999501668
0.062182099994970486
0.06092750000243541
0.06379519999609329
0.05544510000618175
0.07047280001279432
0.06367480001063086
0.06391189999703784
0.06187129998579621
0.05816519999643788
0.05452320000040345
0.05054690000542905
0.05591130000539124
0.05400329999974929
0.046262399991974235
0.05448690000048373
0.06917980000434909
0.05499540000164416
0.06977960000222083
0.05533750000176951
0.06440149999980349
0.03794449999986682
0.04335939999145921
0.03455989999929443
0.036361000005854294
0.05891659999906551
0.04557459999341518
0.03063069999916479
0.034416999988025054
0.0500568999996176
0.031049600002006628
0.047952799999620765
0.04031820000091102
0.03132819999882486
0.05327249999390915
0.032313000003341585
0.05789489999006037
0.03924499999266118
0.04533449999871664
0.030809599993517622
0.03652219999639783
0.03333140000177082
0.033740600003511645
0.03582109999842942
0.04177289998915512
0.035822800011374056
0.03333130000100937
0.03800070000579581
0.05215410000528209
0.03162190000875853
0.031863299998803996
0.04794239999318961
0.038339600010658614
0.036342299994430505
0.04122990000178106
0.03196399999433197
0.03602369999862276
0.046053500002017245
0.03646190000290517
0.032407899998361245
0.04604030000336934
0.03138880000915378
0.03190590000303928
0.03259529999922961
0.0336037000088254
0.03512110000883695
0.05435979999310803
0.052928800010704435
0.04213539999909699
0.04475799998908769
0.04627289999916684
0.03770870000880677
0.035139400002663024
0.03738270000030752
0.04773170000407845
0.03629750000254717
0.03946029998769518
0.035986100003356114
0.036184299999149516
0.03860690000874456
0.03148890000011306
0.04758890000812244
0.033924799994565547
0.051337500000954606
0.031270799998310395
0.0384976000059396
0.03901709998899605
0.033190800008014776
0.050046199990902096
0.040769400002318434
0.031568499995046295
0.0488317000126699
0.044928699993761256
0.03900620000786148
0.05221380000875797
0.052516299998387694
0.05719900000258349
0.05482199999096338
0.05333490000339225
0.047805299996980466
0.05113490000076126
0.04762360001041088
0.05285579999326728
0.044913200006703846
0.056205400003818795
0.06287629999860656
0.05783710000105202
0.05804060000809841
0.060868000000482425
0.057609199997386895
0.060659700000542216
0.06156850000843406
0.05889150001166854
0.06222849999903701
0.06392280000727624
0.05527109999093227
0.05878219999431167
0.05652179999742657
0.05999130000418518
0.060691699996823445
0.057110100009595044
0.05972540000220761
0.060069500003010035
0.051872500000172295
0.05787360000249464
0.052435500008868985
0.03761149999627378
0.05693510000128299
0.0552834999980405
0.059858900000108406
0.0594546999927843
0.0514608999947086
0.059135999996215105
0.0484398999979021
0.06333180000365246
0.0601635999919381
0.05605870000727009
0.05812770000193268
0.06395389999670442
0.06125179999799002
0.06265400000847876
0.06063469999935478
0.05689629999687895
0.05917970000882633
0.059442900004796684
0.06338289999985136
0.05739170000015292
0.054410500000813045
0.05327610000676941
0.06255869999586139
0.05737190000945702
0.055481800009147264
0.05644179999944754
0.05942410000716336
0.06000830000266433
0.05604419999872334
0.05891910000354983
0.05381450000277255
0.06128789999638684
0.057063800006289966
0.05498800000350457
0.0618562000017846
0.06025539999245666
0.05484769999748096
0.06390440001268871
0.057358199992449954
0.058078999994904734
0.05532729999686126
0.052230999994208105
0.05983040000137407
0.05730590000166558
0.06225790000462439
0.05195819999789819
0.05878330000268761
0.05452649999642745
0.0477965000027325
0.060602199999266304
0.05401669999992009
0.04388630000175908
0.05003629998827819
0.06386200000997633
0.06335749999561813
0.0566221999906702
0.05929059999471065
0.05945820000488311
0.05780230001255404
0.051294699995196424
0.05934680000063963
0.0608695999981137
0.05977780000830535
0.06149819999700412
0.061378400001558475
0.06115890000364743
0.061753899994073436
0.050150199997005984
0.04988760000560433
0.05079390000901185
0.06148930000199471
0.0537285000027623
0.06291209999471903
0.06327240000246093
0.06021300000429619
0.05885169999965001
0.061482899996917695
0.05989269999554381
0.06153549998998642
0.06031580000126269
0.0609180000028573
0.05800750000344124
0.05625080000027083
0.0611442000081297
0.05776690000493545
0.05357360000198241
0.05923410000104923
0.061004399991361424
0.06370910000987351
0.06253640000068117
0.0645723000052385
0.060625600002822466
0.05588430000352673
0.06504600000334904
0.05543449999822769
0.05196009999781381
0.054267700004857033
0.05981360000441782
0.05401180000626482
0.056583099998533726
0.056670399993890896
0.05877849999524187
0.056639699992956594
0.056517200006055646
0.05103170000074897
0.056567600011476316
0.053127899998798966
0.05561110000417102
0.06246040000405628
0.05410330000449903
0.05687939999916125
0.06290579999040347
0.05959040000743698
0.04575710000062827
0.06521119999524672
0.06088229999295436
0.06578260000969749
0.06208160000096541
0.05252329999348149
0.05772870000510011
0.06118540000170469
0.05055349999747705
0.054975700011709705
0.06160100000852253
0.06403220001084264
0.05992349999723956
0.06317269999999553
0.06237400000100024
0.05892330000642687
0.06057919999875594
0.04851919999055099
0.05415010001161136
0.06593189999694005
0.06436390000453684
0.055145899998024106
0.05828070000279695
0.05412129999604076
0.034127899998566136
0.04373569999006577
0.048986199995852076
0.032156000001123175
0.03133040000102483
0.0336237000010442
0.052903000003425404
0.037230599991744384
0.0471899999974994
0.039013699992210604
0.04070460000366438
0.0357990000047721
0.03758879999804776
0.045066899998346344
0.04380850000598002
0.03532779999659397
0.032735399989178404
0.040825399992172606
0.0388020999962464
0.03443929999775719
0.054720899992389604
0.0351090999902226
0.033924300005310215
0.04798289999598637
0.036378599994350225
0.044214699999429286
0.04424119999748655
0.03694089999771677
0.048271999999997206
0.03313289998914115
0.05115429998841137
0.037429700008942746
0.03278590000991244
0.05228880001232028
0.04051789999357425
0.03305430000182241
0.03884150000521913
0.03445289999945089
0.04787609999766573
0.034163400006946176
0.04175000000395812
0.03280309999536257
0.03262969999923371
0.03673479999997653
0.03753829999186564
0.03590329999860842
0.034788699995260686
0.047404099997947924
0.034911900002043694
0.0354634000104852
0.04163180000614375
0.04023820000293199
0.04367419998743571
0.041292199995950796
0.052406800008611754
0.04034269999829121
0.03532680000353139
0.052051200007554144
0.04174000000057276
0.04481790000863839
0.05384039999626111
0.050691399999777786
0.04012959999090526
0.03174150000268128
0.030934100010199472
0.04040549999626819
0.05413610000687186
0.030320499994559214
0.03306620000512339
0.040039599989540875
0.03394969999499153
0.035376100000576116
0.031753199989907444
0.03809729999920819
0.0343468000064604
0.0371032999973977
0.03633080000872724
0.05381300000590272
0.03881100000580773
0.03423340000153985
0.04481419999501668
0.029634200007421896
0.039097999993828125
0.04351719999976922
0.036220599999069236
0.031548400002066046
0.045137099994462915
0.034547900009783916
0.0443053999915719
0.03507800000079442
0.047950000007404014
0.046601099995314144
0.04429280001204461
0.04097039999032859
0.03728410000621807
0.05044239999551792
0.037916700006462634
0.035344200005056337
0.039896100002806634
0.0317466999986209
0.04678350000176579
0.04433699999935925
0.03764119998959359
0.030379900010302663
0.04713020000781398
0.05043160000059288
0.03310129999590572
0.037766699999338016
0.03993669999181293
0.03485209999780636
0.050770800007740036
0.04374850000021979
0.043298299991874956
0.030919199998606928
0.03969540000252891
0.036309900009655394
0.04255440000270028
