0.051441400006297044
0.04061679998994805
0.04076289999647997
0.04144429998996202
0.04105139999592211
0.038738900009775534
0.0356995000038296
0.048128300011740066
0.0336066000018036
0.038789800004451536
0.04771949999849312
0.04064500000094995
0.04439140000613406
0.03079740000248421
0.038134200003696606
0.04112870000244584
0.039589299994986504
0.04163410000910517
0.0439433999999892
0.05893310000828933
0.036908299996866845
0.04082669998751953
0.03847700000915211
0.04332630000135396
0.0422862000123132
0.03446170000825077
0.04696429999603424
0.03556770000432152
0.03439980000257492
0.035405100003117695
0.04298690000723582
0.04497859999537468
0.04472710000118241
0.03714709999621846
0.055402199999662116
0.043588000000454485
0.032087800005683675
0.04144889999588486
0.0413676000025589
0.03902760001074057
0.03590660000918433
0.044752799993148074
0.04566220000560861
0.05522949999431148
0.040663299994776025
0.03387349999684375
0.04845150001347065
0.03890230000251904
0.044963099993765354
0.04221279999183025
0.03173219999007415
0.037423000001581386
0.03578669999842532
0.04285320000781212
0.03521010000258684
0.035814799994113855
0.03901029999542516
0.03455490000487771
0.03152319999935571
0.046910000004572794
0.03462330000184011
0.03538020000269171
0.036786600001505576
0.043403600007877685
0.03254420000303071
0.038035000005038455
0.03295510000316426
0.03165150000131689
0.0330594000115525
0.0549062999925809
0.0555298999970546
0.05393920000642538
0.04303339999751188
0.04196250000677537
0.03991690000111703
0.03366509999614209
0.0452584000013303
0.032586200002697296
0.03863759999512695
0.039685399999143556
0.04575960000511259
0.032064200000604615
0.04652709999936633
0.03314539999701083
0.035647999990032986
0.0548997000005329
0.037100199988344684
0.039712199999485165
0.031009400001494214
0.04046209999069106
0.04395469999872148
0.034908099987660535
0.05315079999854788
0.03935740000451915
0.05413050000788644
0.039385299998684786
0.03086839999014046
0.04066810000222176
0.03585000000020955
0.035139799991156906
0.045895500006736256
0.04094810000970028
0.031217199997627176
0.039493099990068004
0.04458800000429619
0.03844879999815021
0.05393569999432657
0.034485800002585165
0.04401789999974426
0.03546250000363216
0.03492410000762902
0.042535400003544055
0.04343669999798294
0.039081099996110424
0.04504879999149125
0.0424320999882184
0.03244909999193624
0.04336289998900611
0.03567060000204947
0.037711299999500625
0.04625090000627097
0.04482129999087192
0.043910199994570576
0.032156799992662854
0.0380074999993667
0.04202519998943899
0.037583199999062344
0.04366559999471065
0.044730499997967854
0.031836900001508184
0.036671299996669404
0.03345190000254661
0.03437000000849366
0.032164099990040995
0.03168549999827519
0.04294919999665581
0.043167299998458475
0.0569963000016287
0.0458169000048656
0.03607870000996627
0.038870399992447346
0.03201340000669006
0.030826299989712425
0.04071270000713412
0.03559519999544136
0.037227299995720387
0.041894699999829754
0.034140799994929694
0.03353200000128709
0.04625629998918157
0.04405409999890253
0.0312190999975428
0.038129000007756986
0.0323387999960687
0.0314345999940997
0.036133300003712066
0.032084099992061965
0.04498999999486841
0.0355827000021236
0.04566560000239406
0.03422180000052322
0.03270969999721274
0.034746500008623116
0.03585809998912737
