0.05386650000000004
0.06154119999999996
0.06513820000000003
0.06076970000000004
0.05060179999999992
0.06676719999999992
0.06943160000000015
0.07388570000000017
0.0647468
0.06550210000000001
0.05358570000000018
0.05770030000000004
0.05601820000000002
0.0615424
0.06225640000000032
0.06462579999999996
0.06619790000000014
0.06869740000000002
0.06928469999999987
0.06784889999999999
0.06927910000000015
0.0680923
0.0688563000000002
0.06454960000000032
0.07120099999999985
0.06604320000000019
0.06688289999999997
0.07207180000000024
0.06441019999999975
0.0689845
0.06642820000000027
0.07029750000000012
0.06851930000000017
0.06735710000000017
0.06653050000000027
0.07178120000000021
0.06433219999999995
0.06013790000000041
0.055962200000000184
0.06137109999999968
0.0625467000000004
0.06413820000000037
0.06564049999999977
0.07274690000000028
0.0701091000000007
0.06697629999999943
0.061659899999999546
0.06779829999999976
0.056076899999999874
0.07243539999999982
0.07188360000000049
0.07471409999999956
0.05864699999999967
0.050342200000000226
0.04476849999999999
0.05977660000000018
0.062120799999999754
0.06620779999999993
0.0617972
0.06555020000000056
0.06534580000000023
0.05138280000000073
0.04775930000000006
0.04865160000000035
0.0469596000000001
0.0424408000000005
0.04771079999999994
0.06510559999999987
0.051795799999999836
0.06033759999999955
0.06004559999999959
0.05887960000000003
0.06583770000000033
0.05356070000000024
0.0647095000000002
0.06677999999999962
0.0661858999999998
0.06105409999999978
0.05449150000000014
0.03915969999999991
0.06253799999999998
0.058480499999999935
0.05212030000000034
0.06578329999999966
0.07425809999999977
0.06870629999999966
0.07011689999999948
0.06944700000000026
0.06957799999999992
0.07012869999999971
0.06260259999999995
0.06523980000000051
0.06596400000000013
0.04873189999999994
0.06554780000000004
0.04625240000000019
0.053171799999999436
0.050552800000000175
0.056886699999999735
0.06325059999999993
0.04232410000000009
0.04940950000000033
0.059297299999999886
0.048407499999999715
0.058166500000000454
0.05995080000000108
0.046352000000000615
0.061182999999999765
0.05432689999999951
0.048279199999999634
0.04958310000000132
0.04972979999999971
0.04564219999999963
0.0592801000000005
0.060167599999999766
0.06218729999999972
0.037579499999999655
0.07029700000000005
0.03939989999999938
0.06502099999999977
0.05761159999999954
0.06092809999999993
0.06604390000000038
0.05913170000000001
0.041954300000000444
0.05070530000000062
0.05671260000000089
0.056237100000000595
0.04847200000000029
0.04866509999999913
0.03597509999999993
0.050384600000001
0.04670989999999975
0.0426833000000002
0.05966629999999995
0.06099229999999878
0.05125890000000055
0.04492150000000095
0.040381500000000514
0.039414499999999464
0.03845270000000056
0.03949400000000125
0.04621750000000091
0.0409972000000014
0.04157239999999973
0.05009740000000029
0.05340349999999994
0.04411400000000043
0.049847299999999706
0.041557000000000954
0.051270099999999985
0.04000629999999994
0.05099170000000086
0.04344669999999873
0.04331830000000103
0.053726400000000396
0.07612340000000017
0.07678079999999987
0.0759249999999998
0.0704684000000011
0.08034340000000029
0.04946260000000002
0.04909800000000075
0.04724749999999922
0.05292490000000072
0.04540929999999932
0.03417139999999996
0.05822460000000085
0.04269410000000029
0.04449739999999913
0.05034260000000046
0.05067829999999951
0.04865600000000114
0.06052370000000096
0.04934369999999966
0.07020619999999944
0.06529519999999955
0.07225629999999938
0.07138510000000053
0.06003570000000025
0.04103379999999923
0.040283899999998596
0.04924169999999961
0.04007200000000033
0.04182819999999943
0.03911209999999876
0.04990970000000061
0.03913159999999927
0.05799799999999955
0.03897620000000046
0.04430970000000123
0.051016699999999915
0.05337699999999934
0.03902839999999941
0.03735400000000055
0.04144179999999942
0.03570089999999837
0.04166960000000053
0.04603280000000076
0.04659870000000055
0.041005600000000086
0.048821900000000085
0.05717460000000152
0.044545299999999344
0.0575764999999997
0.0390271000000002
0.05438969999999976
0.053269999999999484
0.05226309999999934
0.045281599999999145
0.03780519999999932
0.05360570000000031
0.060044299999999495
0.049857999999998626
0.03525509999999876
0.04910579999999953
0.039751600000000664
0.0377559999999999
0.03943929999999973
0.04624399999999973
0.040067800000000986
0.038535400000000664
0.05250659999999918
0.048502200000001494
0.04016970000000164
0.04638910000000074
0.038703099999999324
0.038830499999999546
0.03683179999999986
0.034301599999999155
0.042455999999999605
0.03462979999999938
0.0522582000000007
0.059184699999999424
0.05502870000000115
0.05070199999999936
0.04428520000000091
0.04784090000000063
0.035567600000000255
0.05382109999999862
0.058353099999999714
0.04622819999999983
0.0364842000000003
0.055768099999999876
0.055842800000000636
0.04829789999999967
0.05476879999999973
0.03374430000000039
0.05376120000000029
0.04780820000000041
0.037620399999999776
0.06754469999999912
0.03735219999999906
0.05750489999999964
0.047878100000000146
0.04700809999999933
0.03838510000000106
0.04515340000000023
0.04654820000000015
0.03830680000000086
0.05403270000000049
0.03669000000000011
0.04985330000000232
0.04634030000000067
0.050360699999998815
0.04404489999999939
0.04294180000000125
0.04869509999999977
0.061959700000002726
0.04766479999999973
0.05458840000000009
0.057098199999998656
0.06272810000000106
0.04404339999999962
0.04206819999999922
0.05145160000000004
0.05337390000000042
0.042458799999998575
0.04101749999999882
0.05255229999999855
0.039718000000000586
0.05292249999999754
0.04036479999999898
0.05340299999999942
0.05744460000000018
0.0508940000000031
0.052254299999997755
0.0542082999999991
0.03639960000000286
0.07209369999999993
0.06379099999999838
0.0678371999999996
0.0654564999999998
0.06727800000000173
0.046360499999998694
0.052022199999999685
0.040489100000002054
0.04524410000000145
0.039322899999998384
0.04216029999999904
0.03205689999999706
0.04279740000000132
0.03692089999999837
0.054361799999998794
0.055544600000001054
0.04840189999999822
0.03709909999999894
0.03997250000000108
0.061907999999998964
0.06474790000000041
0.06591090000000221
0.06470819999999833
0.05137320000000045
0.03381119999999882
0.04250820000000033
0.03722899999999996
0.05526670000000067
0.053266199999999486
0.0356449000000012
0.05091119999999805
0.05317720000000037
0.03876719999999878
0.04461239999999833
0.039501300000001294
0.04299450000000249
0.032987099999999714
0.037633900000002996
0.04729589999999817
0.06802080000000288
0.0692415000000004
0.06620239999999811
0.06269169999999846
0.044335900000000095
0.05007540000000077
0.044183000000000305
0.053821700000000305
0.0483235999999998
0.036733999999999156
0.06774569999999969
0.06707499999999911
0.06531800000000132
0.07357580000000041
0.07386299999999935
0.0742457000000023
0.06846140000000034
0.07027229999999918
0.07103180000000009
0.07172570000000178
0.06102339999999984
0.05288579999999854
0.05480359999999962
0.05138510000000096
0.03895480000000262
0.04705410000000043
0.04511890000000207
0.047744699999999085
0.056188799999997485
0.042613899999999205
0.059707299999999464
0.05228540000000237
0.04848580000000169
0.06671349999999876
0.06891929999999746
0.06744569999999683
0.06845739999999978
0.0613084999999991
0.05198599999999942
0.06231149999999985
0.04312570000000093
0.07463620000000049
0.06658060000000177
0.06888909999999981
0.06914319999999918
0.06885650000000254
0.07002980000000036
0.0696797999999994
0.07460060000000013
0.0727649000000028
0.0712592999999977
0.06118269999999981
0.05026760000000152
0.05342680000000044
0.06204040000000077
0.03752270000000024
0.06039450000000102
0.06847529999999935
0.06964629999999872
0.07080649999999977
0.06812900000000255
0.0722145999999988
0.07091210000000103
0.07253369999999748
0.06938750000000127
0.06977300000000142
0.06507189999999952
0.05908009999999919
0.04904649999999933
0.06093519999999941
0.05037629999999993
0.05098870000000133
