0.05034549999999993
0.05196580000000006
0.040713699999999964
0.06240280000000009
0.0686715
0.0693931000000001
0.05879639999999986
0.049284000000000106
0.046147099999999996
0.045034700000000205
0.04948449999999993
0.050230399999999786
0.05655620000000017
0.05025220000000008
0.05719669999999999
0.0516608999999999
0.05126380000000008
0.03855540000000035
0.03744039999999993
0.048661500000000135
0.06845190000000034
0.06875769999999992
0.07170659999999973
0.07156920000000033
0.07438389999999995
0.06985490000000016
0.06967049999999997
0.0710320000000002
0.07341739999999985
0.06961759999999995
0.06744939999999966
0.07039989999999996
0.04274090000000008
0.05426479999999989
0.04492940000000001
0.056699399999999844
0.06091749999999996
0.06390080000000031
0.0444650000000002
0.05383329999999997
0.05411379999999966
0.05414379999999985
0.05314109999999994
0.05866810000000022
0.052240400000000076
0.04572369999999948
0.047143799999999736
0.047418900000000264
0.04874020000000012
0.05889249999999979
0.04390219999999978
0.05400069999999957
0.05172869999999996
0.05626519999999946
0.055101500000000136
0.06795449999999992
0.0644979999999995
0.06242609999999971
0.04466409999999943
0.05820690000000006
0.058021399999999446
0.05321599999999993
0.04313030000000051
0.0588046999999996
0.048391800000000096
0.03787200000000013
0.04017919999999986
0.04231270000000009
0.05422209999999961
0.03305610000000048
0.05420870000000022
0.043792400000000065
0.05568910000000038
0.04932530000000046
0.06211970000000022
0.05545650000000002
0.05390470000000036
0.07822779999999963
0.06523520000000005
0.06242459999999994
0.06727310000000042
0.06501300000000043
0.0691303999999997
0.059922400000000486
0.06355210000000078
0.06660359999999965
0.06711570000000044
0.06437900000000063
0.07339140000000022
0.07767750000000007
0.07039370000000034
0.06592550000000053
0.07431189999999965
0.06289359999999977
0.045406799999999414
0.04403420000000047
0.04516040000000032
0.043216199999999816
0.048781099999999356
0.04095149999999936
0.059588399999999986
0.04401460000000057
0.046729500000000534
0.04658289999999976
0.05978929999999938
0.04824189999999984
0.040577299999999816
0.05141639999999992
0.058545899999999484
0.04785079999999997
0.056402900000000145
0.0373297999999993
0.03222890000000067
0.04689889999999952
0.048392599999999675
0.04455069999999939
0.04058690000000009
0.05664770000000097
0.03196639999999995
0.04359389999999941
0.04448339999999895
0.03860740000000007
0.04692829999999937
0.036472599999999744
0.046161899999999534
0.038801599999999326
0.034814499999999526
0.03620879999999893
0.04129140000000042
0.0617845999999993
0.044998800000000116
0.048260700000000156
0.05032600000000009
0.04827869999999912
0.05098719999999979
0.051112099999999216
0.051619699999999824
0.04576340000000023
0.03931489999999904
0.050356999999999985
0.04093060000000115
0.03259530000000055
0.044254600000000366
0.04565700000000028
0.038722200000000484
0.03701139999999903
0.0430767000000003
0.03822640000000099
0.03524809999999867
0.046490999999999616
0.04101929999999854
0.06045600000000029
0.04000549999999947
0.03666310000000017
0.04870369999999902
0.04855009999999993
0.044038699999999764
0.04475270000000009
0.0358540000000005
0.044137300000000934
0.042068399999999784
0.052356100000000794
0.03663620000000023
0.04949419999999982
0.052288600000000685
0.04515909999999934
0.037089700000001
0.038074500000000455
0.0642403999999992
0.04710350000000041
0.04429370000000077
0.05274580000000029
0.04718090000000075
0.035422399999999854
0.03899190000000097
0.051247500000000556
0.053860300000000194
0.050461899999998394
0.04046109999999992
0.04845159999999993
0.06211029999999873
0.05135319999999943
0.046424399999999366
0.043108699999999445
0.04284990000000022
0.03951379999999993
0.04309519999999978
0.035476500000001465
0.0456152000000003
0.04131399999999985
0.04232559999999985
0.04080890000000004
0.059783699999998774
0.061739400000000444
0.0406196000000012
0.04537490000000055
0.044425199999999165
0.05033150000000042
0.03985549999999982
0.03950949999999942
0.04569960000000073
0.03231229999999918
0.045722100000000765
0.04063029999999834
0.04951009999999911
0.03566609999999848
0.052726599999999735
0.04635870000000075
0.041322199999999754
0.039140900000001366
0.0401802
0.048562299999998615
0.050793300000000485
0.055409400000000275
0.0486791999999987
0.037936300000000145
0.042504900000000845
0.04281999999999897
0.03820559999999951
0.04346440000000129
0.04137959999999907
0.0382781000000012
0.05111430000000006
0.06988419999999884
0.04605749999999986
0.04415559999999985
0.045788599999999846
0.04286959999999951
0.05018740000000044
0.04142620000000008
0.047831199999999185
0.034129000000000076
0.03267089999999939
0.04736459999999987
0.04854789999999909
0.06656610000000107
0.03458509999999926
0.043080899999999644
0.04922789999999999
0.03815239999999953
0.03635590000000022
0.042002799999998786
0.0467164000000011
0.04055130000000062
0.034907699999999764
0.04450009999999871
0.04281019999999991
0.043413599999999164
0.03391949999999966
0.04683959999999843
0.03900330000000096
0.05143249999999888
0.04246190000000105
0.032935399999999504
0.04639910000000036
0.03603660000000097
0.05610289999999907
0.04354600000000097
0.041665400000001185
0.0435055000000002
0.044542599999999766
0.03380480000000041
0.05342890000000011
0.043025500000000605
0.050775500000000306
0.038171900000000036
0.0406411999999996
0.037287299999999135
0.04384819999999934
0.038737899999999215
0.045608800000000116
0.048341100000000026
0.05167540000000059
0.05113019999999935
0.03384909999999941
0.04139409999999977
0.03912369999999932
0.07025409999999965
0.04946630000000063
0.055983700000000525
0.050560499999999564
0.050294299999999126
0.04475500000000032
0.0425854999999995
0.03272729999999946
0.058203500000001185
0.03583270000000027
0.04003659999999698
0.0414709000000002
0.037874699999999706
0.055941299999997085
0.04345899999999858
0.0429372999999984
0.03540530000000075
0.04466370000000097
0.042381400000000014
0.03597949999999983
0.04397549999999839
0.06058649999999943
0.04671790000000087
0.04580580000000012
0.051101500000001465
0.03460340000000173
0.04172429999999849
0.04948789999999903
0.04272500000000079
0.043511099999999914
0.03856179999999654
0.04565240000000159
0.04105429999999899
0.034976800000002584
0.04341720000000038
0.051176900000001524
0.035972000000001
0.06381560000000164
0.04670289999999966
0.04353709999999822
0.04480089999999848
0.047305299999997885
0.05681269999999827
0.05041250000000019
0.0458028999999982
0.05194849999999818
0.03884810000000272
0.0338282999999997
0.03930480000000003
0.03726269999999943
0.06140089999999887
0.05922610000000006
0.04514329999999944
0.04006440000000211
0.04244289999999751
0.0540192000000026
0.044660000000000366
0.0441287999999993
0.05066850000000045
0.03277359999999874
0.03846529999999859
0.04461279999999945
0.0582109000000024
0.04891590000000079
0.03827409999999887
0.05264839999999893
0.03756740000000036
0.03484729999999914
0.039666299999996824
0.031858700000000795
0.05243889999999851
0.04552539999999894
0.0386766999999999
0.03685859999999863
0.04053039999999797
0.046958000000000055
0.04329929999999749
0.0466263999999974
0.04335670000000036
0.0515919000000018
0.03931429999999736
0.053162500000002666
0.04455600000000004
0.06537170000000003
0.054129599999999556
0.033244599999999735
0.0489727000000002
0.04832659999999933
0.041706699999998875
0.04093509999999867
0.0455660999999985
0.032801299999999145
0.05078320000000147
0.04369540000000072
0.03784510000000196
0.03824639999999846
0.03426740000000095
0.04563079999999786
0.04067179999999837
0.03705629999999971
0.04370619999999903
0.048387699999999256
0.037773099999999005
0.03503970000000223
0.03443359999999984
0.06271190000000004
0.05281580000000119
0.05333909999999875
0.04686789999999874
0.039748700000000525
0.0386673999999978
0.041355500000001655
0.04464330000000061
0.03443590000000185
0.04921560000000014
0.035852299999998394
0.03898879999999849
0.04561160000000086
0.03649460000000104
0.04654930000000235
0.031963799999999765
0.04019560000000055
0.04357519999999937
