0.04764639999484643
0.05094970000209287
0.044308000011369586
0.03853330000129063
0.04217709999647923
0.04269889999704901
0.050122000000556
0.03411880000203382
0.03530120001232717
0.03434040000138339
0.03904790000524372
0.04369600000791252
0.056411300000036135
0.05741239999770187
0.03386239999963436
0.04871769998862874
0.04583010000351351
0.04276499999104999
0.046522899996489286
0.03465719999803696
0.04226329999801237
0.04291060000832658
0.03752620000159368
0.0441018000128679
0.05713340001238976
0.045395699999062344
0.03488859999924898
0.03191200000583194
0.06552289999672212
0.051439899994875304
0.059970200003590435
0.06567380001069978
0.0624322000076063
0.04145260000950657
0.041422499998589046
0.04018299999006558
0.04040789999999106
0.04690580000169575
0.045568099987576716
0.03489869998884387
0.0363229000067804
0.04387800001131836
0.042967800007318147
0.03779039999062661
0.05428599999868311
0.05065999999351334
0.033215300005394965
0.03730080000241287
0.048604899988276884
0.03429440000036266
0.03659020000486635
0.045474700003978796
0.03657440000097267
0.05351510000764392
0.039786500012269244
0.04784749999816995
0.037002299999585375
0.03949090000241995
0.042904299989459105
0.03287569999520201
0.04205089999595657
0.04317109999828972
0.033902700000908226
0.052332699997350574
0.03785290000087116
0.04350880000856705
0.039988699994864874
0.030179599998518825
0.047928200001479127
0.03580789999978151
0.035791800008155406
0.03563389999908395
0.039721799999824725
0.035558399991714396
0.043330299988156185
0.0455847000121139
0.03169260000868235
0.0586260999989463
0.03189610000117682
0.044213499990291893
0.032676699993317015
0.039459600011468865
0.03241459999117069
0.04127899999730289
0.038920400009374134
0.05646899998828303
0.04468469999847002
0.03512790000240784
0.05276610000873916
0.0359318999981042
0.033061699999962
0.03513950000342447
0.04026659998635296
0.03708090000145603
0.03541719999338966
0.03859460000239778
0.055704600003082305
0.035659999994095415
0.05165799999667797
0.0358669999986887
0.04538939999474678
0.03998080000746995
0.04097550000005867
0.049747700002626516
0.033056300002499484
0.043900699994992465
0.033615599997574463
0.04095340000640135
0.0478984999936074
0.055785399992601015
0.03431750000163447
0.04134969999722671
0.04772149999917019
0.05766869999933988
0.031194800001685508
0.03218340000603348
0.03656920000503305
0.053057100012665614
0.03880800001206808
0.03533969999989495
0.035225700004957616
0.03244549999362789
0.03388519999862183
0.04214020000654273
0.031244199999491684
0.033247400002437644
0.03955609998956788
0.031618799999705516
0.03404640000371728
0.0341677999967942
0.031898800007184036
0.034312399991904385
0.030936499999370426
0.03433890000451356
0.033324799995170906
0.03316330000234302
0.03802279999945313
0.03365529999427963
0.040423200000077486
0.034230299992486835
0.031367899995530024
0.03231260000029579
0.03817900001013186
0.04431010001280811
0.0336381000088295
0.032978899995214306
0.038154199995915405
0.031670099997427315
0.030341399993631057
0.035344600008102134
0.034530099990661256
0.030422899988479912
0.03358020000450779
0.030311700000311248
0.03328730000066571
0.030974500012234785
0.030227299997932278
0.033193100010976195
0.03317339999193791
0.031455399992410094
0.03300409999792464
0.03318530000979081
0.03125519999593962
0.0340406999894185
0.03504919999977574
0.030053199996473268
0.03710210000281222
0.02995720000762958
0.036777300003450364
0.030953299996326678
0.03630449999764096
0.030030999987502582
0.03680760000133887
0.03140979999443516
0.03340869999374263
0.031249900013790466
0.034665999992284924
0.03287090000230819
0.031417699996382
0.030580500009818934
0.03617740000481717
0.0314319000026444
0.03413939999882132
0.03321009999490343
0.033651699995971285
0.04212620000180323
0.045697200010181405
0.0430698999989545
0.06632759999774862
0.06079939998744521
0.03340359999856446
0.03024379999260418
0.032046899999841116
0.030262599990237504
0.03353440000500996
0.03250820000539534
0.033864199998788536
0.03684159999829717
0.033934000006411225
0.03132470000127796
0.036097200005315244
0.03000159999646712
0.036957299991627224
0.030734100000699982
0.03281499999866355
0.03629459999501705
0.033247799990931526
0.046183800004655495
0.052520500001264736
0.051256199993076734
0.036295700003392994
0.03105019999202341
0.03336830000625923
0.033196999997016974
0.039973699997062795
0.030759700006456114
0.029794100002618507
0.03346910000254866
0.03337429999373853
0.03157649999775458
0.031657700004871
0.030998900008853525
0.03458080001291819
0.029908600001363084
0.0375108000007458
0.02988970000296831
0.036977900002966635
0.029936100007034838
0.036924700005329214
0.029787799998302944
0.03673809999600053
0.0298149000009289
0.0349446999898646
0.03326019999803975
0.029833100008545443
0.03142189999925904
0.03343060000042897
0.034208099998068064
0.03360419999808073
0.03332329999830108
0.03285129999858327
0.03341639999416657
0.03037140000378713
0.030134499989799224
0.032721200012019835
0.03156269999453798
0.031018399997265078
0.03138519999629352
0.03396660000726115
0.03262759999779519
0.0335445999953663
0.03250270000717137
0.032499699998879805
0.03625750000355765
0.029828099999576807
0.036675399998785
0.02992699999595061
0.04051600000821054
0.04327360000752378
0.053389799999422394
0.0400831000006292
0.033523000005516224
0.03091060000588186
0.03304840000055265
0.03251389999059029
0.0345305999944685
0.029967099995701574
0.033416300007957034
0.03329840001242701
0.031192700000246987
0.033351699996273965
0.031047500000568107
0.03194350001285784
0.03050610001082532
0.03355790000932757
0.02973410001141019
0.03103220000048168
0.03382240000064485
0.03072559999418445
0.03151420000358485
0.03118009999161586
0.03521760000148788
0.029797299997881055
0.036581699998350814
0.029705100008868612
0.03128899999137502
0.03260969999246299
0.03241100000741426
0.03243120000115596
0.0340001000004122
0.030640800003311597
0.03282770000805613
0.03239570000732783
0.030000200000358745
0.03103729999565985
0.033302900003036484
0.033808799998951145
0.033010800005286
0.03128660000220407
0.03285160000086762
0.03020249999826774
0.03327020000142511
0.02954709999903571
0.0309043000015663
0.03507990000071004
0.03126029999111779
0.031189700006507337
0.03309550000994932
0.03183130000252277
0.03282259999832604
0.030982199998106807
0.03722039998683613
0.02974450000328943
0.03685370000312105
0.02964829999837093
0.034473300009267405
0.030632299996796064
0.030165100004523993
0.03073900000890717
0.030432600004132837
0.0331956000009086
0.031481300000450574
0.03381239999725949
0.033695599995553493
0.030240499996580184
0.03330640000058338
0.030889399989973754
0.036247600000933744
0.029808400009642355
0.03541219999897294
0.02961189999768976
0.031113799996091984
0.03059749999374617
0.03410849999636412
0.031819800002267584
0.030932499998016283
0.03278009999485221
0.030956100003095344
0.03163109999150038
0.033034599997336045
0.03355639999790583
0.031010600010631606
0.036905799992382526
0.029635099999723025
0.03354340000078082
0.0333964999881573
0.033465100001194514
0.03328230000624899
0.02979109999432694
0.030242699998780154
0.02955870000005234
0.033080499997595325
0.03077280000434257
0.03328000000328757
0.033010800005286
0.033133200005977415
0.03157350000401493
0.031934599988744594
0.03295569999318104
0.03327649999118876
0.02982019999762997
0.031555900000967085
0.031180999998468906
0.03159640000376385
0.031021300004795194
0.030415900007938035
0.03062690001388546
0.03387350001139566
0.03011930000502616
0.03175049999845214
0.030670499996631406
0.03221060000942089
0.03214510000543669
0.03263169999991078
0.03252540000539739
0.03259419999085367
0.030782799993176013
0.03322840000328142
0.033201500002178364
0.03287699999054894
0.03325399999448564
0.03084849999868311
0.033939100001589395
0.03221190000476781
0.029287099998327903
0.03296909999335185
0.032323199993697926
0.03336709999712184
0.03394720000505913
0.0340491000097245
0.032572199997957796
0.0328126000094926
0.03318379999836907
0.029695400007767603
0.03089939999335911
0.03397589999076445
0.03308739999192767
0.030457999993814155
0.030476400002953596
0.03317649998643901
0.03220780000265222
0.03227640000113752
0.0292193000059342
