10 610 609 609 609 609 609 609 609 609 609 609.1 609.0 294.1
20 604 605 605 605 605 605 605 605 605 605 604.9 605.0 289.9
30 599 599 599 599 599 599 599 599 599 599 599.0 599.0 284.0
40 595 595 595 595 595 595 595 595 595 595 595.0 595.0 280.0
50 590 590 590 590 590 590 590 590 590 590 590.0 590.0 275.0
60 585 583 584 584 583 584 584 584 583 583 583.7 584.0 268.7
70 580 580 580 580 580 580 580 580 580 580 580.0 580.0 265.0
80 574 574 574 574 574 574 574 574 574 574 574.0 574.0 259.0
90 571 571 571 570 570 570 570 570 570 570 570.3 570.0 255.3
100 566 566 567 566 566 566 566 566 565 566 566.0 566.0 251.0
110 560 563 561 562 562 561 561 561 561 560 561.2 561.0 246.2
120 555 554 556 555 554 555 555 554 555 556 554.9 555.0 239.9
130 547 549 547 548 547 547 546 547 547 547 547.2 547.0 232.2
140 547 547 546 546 546 546 547 546 546 546 546.3 546.0 231.3
150 534 535 536 537 536 535 536 535 534 534 535.2 535.0 220.2
160 535 535 536 534 533 534 535 534 535 535 534.6 535.0 219.6
170 519 519 519 519 521 522 521 521 520 520 520.1 520.0 205.1
180 522 521 520 520 521 523 521 519 520 520 520.7 520.5 205.7
190 520 521 521 521 520 526 521 522 522 520 521.4 521.0 206.4
200 520 521 522 519 520 519 523 520 521 523 520.8 520.5 205.8
210 497 499 497 499 497 497 498 498 497 500 497.9 497.5 182.9
220 499 496 497 498 497 498 498 503 498 497 498.1 498.0 183.1
230 497 498 497 499 501 503 502 497 500 500 499.4 499.5 184.4
240 499 499 501 507 503 505 506 507 503 502 503.2 503.0 188.2
250 503 502 501 501 499 499 498 497 507 500 500.7 500.5 185.7
260 467 466 460 462 462 463 464 461 473 466 464.4 463.5 149.4
270 465 465 465 463 463 463 466 462 464 474 465.0 464.5 150.0
280 466 466 468 467 466 467 464 462 466 478 467.0 466.0 152.0
290 469 466 465 467 465 465 464 463 463 470 465.7 465.0 150.7
300 474 463 464 471 471 471 478 468 474 463 469.7 471.0 154.7
310 484 468 467 468 466 465 463 466 462 465 467.4 466.0 152.4
320 469 468 464 466 466 467 466 463 462 462 465.3 466.0 150.3
330 463 475 460 463 457 461 462 459 462 465 462.7 462.0 147.7
340 376 385 384 376 379 379 370 378 367 373 376.7 377.0 61.7
350 372 372 390 377 370 369 368 367 380 373 373.8 372.0 58.8
360 369 372 398 374 369 371 369 375 372 373 374.2 372.0 59.2
370 373 373 382 399 371 370 377 374 371 372 376.2 373.0 61.2
380 375 369 375 401 378 369 369 368 375 371 375.0 373.0 60.0
390 371 380 369 373 411 372 374 368 377 371 376.6 372.5 61.6
400 369 372 372 369 402 374 370 367 368 373 373.6 371.0 58.6
410 368 367 368 373 370 397 371 366 369 374 372.3 369.5 57.3
420 369 376 370 370 376 395 368 367 370 368 372.9 370.0 57.9
430 372 378 371 371 368 370 400 379 368 374 375.1 371.5 60.1
440 372 366 370 372 374 372 408 371 377 372 375.4 372.0 60.4
450 382 373 369 371 377 369 382 407 371 374 377.5 373.5 62.5
460 369 369 368 367 366 367 367 408 368 377 372.6 368.0 57.6
470 371 371 378 367 370 372 368 375 402 368 374.2 371.0 59.2
480 365 373 374 375 378 422 421 439 436 381 396.4 379.5 81.4
490 381 382 370 375 383 373 381 379 378 395 379.7 380.0 64.7
500 368 378 372 370 375 374 373 370 370 387 373.7 372.5 58.7
510 362 361 350 364 363 362 360 364 363 360 360.9 362.0 45.9
520 310 364 360 358 360 363 354 357 361 362 354.9 360.0 40.9
530 329 363 358 362 361 361 364 357 363 361 357.9 361.0 42.9
540 334 317 355 360 361 364 361 351 363 364 353.0 360.5 38.0
550 362 360 362 363 360 363 361 356 364 361 361.2 361.5 46.2
560 354 357 362 356 364 358 363 356 362 360 359.2 359.0 44.2
570 363 357 346 355 358 359 313 359 363 360 353.3 358.5 38.7
580 364 361 358 282 311 286 293 314 359 358 328.6 336.0 31.4
590 362 363 363 346 360 361 360 358 362 360 359.5 360.5 44.5
600 360 362 362 276 280 362 356 348 364 346 341.6 358.0 41.4
