10 314 314 314 313 314 314 313 313 315 313 313.7 314.0 1.3
20 313 313 310 312 310 311 314 314 314 285 309.6 312.5 5.4
30 295 296 295 295 296 297 314 312 295 295 299.0 295.5 16.0
40 308 311 312 313 313 311 310 312 311 312 311.3 311.5 3.7
50 310 310 307 312 311 313 311 308 313 311 310.6 311.0 4.4
60 312 310 309 310 308 308 314 313 307 308 309.9 309.5 5.1
70 308 310 313 308 314 307 312 307 308 313 310.0 309.0 5.0
80 312 314 308 313 308 312 313 308 308 311 310.7 311.5 4.3
90 309 310 311 311 310 314 310 309 311 314 310.9 310.5 4.1
100 309 311 314 312 311 313 312 313 313 314 312.2 312.5 2.8
110 311 311 313 313 314 310 310 313 311 313 311.9 312.0 3.1
120 311 310 313 314 312 310 314 310 314 312 312.0 312.0 3.0
130 313 313 314 313 311 313 312 314 311 313 312.7 313.0 2.3
140 313 313 311 314 311 312 314 311 311 313 312.3 312.5 2.7
150 312 313 313 311 313 313 313 314 311 314 312.7 313.0 2.3
160 312 314 314 312 311 311 314 314 312 314 312.8 313.0 2.2
170 313 314 313 313 313 314 315 312 315 313 313.5 313.0 1.5
180 313 314 313 312 312 313 312 314 311 313 312.7 313.0 2.3
190 312 313 312 314 314 314 311 312 312 313 312.7 312.5 2.3
200 312 313 313 312 314 314 313 313 314 314 313.2 313.0 1.8
210 315 314 313 314 314 313 312 313 312 312 313.2 313.0 1.8
220 313 313 314 313 314 313 313 313 313 314 313.3 313.0 1.7
230 314 313 314 313 313 314 313 314 313 313 313.4 313.0 1.6
240 313 314 314 314 313 313 312 314 314 313 313.4 313.5 1.6
250 313 314 314 314 314 315 312 313 313 313 313.5 313.5 1.5
260 313 314 313 314 313 313 313 314 314 313 313.4 313.0 1.6
270 313 314 313 314 315 314 313 314 314 313 313.7 314.0 1.3
280 313 314 314 314 313 313 313 314 313 313 313.4 313.0 1.6
290 314 314 314 314 314 314 313 314 314 313 313.8 314.0 1.2
300 314 314 313 313 313 313 313 314 313 313 313.3 313.0 1.7
310 314 313 313 314 314 314 314 314 314 314 313.8 314.0 1.2
320 314 313 313 313 313 313 314 313 314 313 313.3 313.0 1.7
330 314 314 313 314 314 314 314 313 313 313 313.6 314.0 1.4
340 314 314 314 314 314 314 314 314 314 314 314.0 314.0 1.0
350 313 314 314 314 314 314 314 314 314 314 313.9 314.0 1.1
360 314 314 314 314 314 314 314 314 314 315 314.1 314.0 0.9
370 314 313 314 314 314 314 314 314 314 314 313.9 314.0 1.1
380 314 314 314 314 314 314 314 313 314 313 313.8 314.0 1.2
390 315 313 315 314 314 313 314 314 313 314 313.9 314.0 1.1
400 314 314 314 314 314 314 314 314 315 313 314.0 314.0 1.0
410 314 314 314 314 313 314 314 314 314 314 313.9 314.0 1.1
420 314 314 314 314 314 314 314 314 314 314 314.0 314.0 1.0
430 314 314 314 314 314 314 314 314 314 315 314.1 314.0 0.9
440 314 314 314 314 313 314 314 314 314 314 313.9 314.0 1.1
450 314 314 313 314 314 314 314 314 314 314 313.9 314.0 1.1
460 314 314 314 314 314 314 314 314 314 314 314.0 314.0 1.0
470 314 314 314 314 314 314 314 314 314 313 313.9 314.0 1.1
480 314 314 313 314 314 314 314 314 314 314 313.9 314.0 1.1
490 314 314 314 314 314 314 314 314 314 314 314.0 314.0 1.0
500 314 314 314 314 314 314 314 314 314 314 314.0 314.0 1.0
510 314 314 314 314 314 314 314 314 314 314 314.0 314.0 1.0
520 314 314 314 314 314 314 314 314 314 314 314.0 314.0 1.0
530 314 314 314 314 315 314 314 314 314 314 314.1 314.0 0.9
540 314 314 314 314 314 314 314 314 314 314 314.0 314.0 1.0
550 315 314 314 314 314 314 314 314 314 314 314.1 314.0 0.9
560 314 314 314 314 314 314 314 314 314 314 314.0 314.0 1.0
570 315 314 314 314 314 314 314 314 314 314 314.1 314.0 0.9
580 315 314 314 314 314 314 314 314 314 314 314.1 314.0 0.9
590 314 314 314 314 314 314 314 314 313 314 313.9 314.0 1.1
600 314 314 314 314 314 314 314 314 314 314 314.0 314.0 1.0
