10 255 311 313 314 312 313 313 314 310 312 306.7 312.5 8.3
20 309 314 310 311 312 311 312 314 285 311 308.9 311.0 6.1
30 307 307 309 305 307 309 305 307 289 304 304.9 307.0 10.1
40 306 301 311 309 309 308 308 307 307 305 307.1 307.5 7.9
50 305 305 308 307 305 308 305 307 304 307 306.1 306.0 8.9
60 288 284 299 285 292 290 289 293 290 294 290.4 290.0 24.6
70 300 300 300 300 300 300 300 300 291 300 299.1 300.0 15.9
80 287 287 287 287 287 287 287 287 287 287 287.0 287.0 28.0
90 289 290 289 285 283 284 286 283 288 284 286.1 285.5 28.9
100 302 310 303 304 306 309 307 307 304 298 305.0 305.0 10.0
110 297 285 285 285 291 291 285 285 291 285 288.0 285.0 27.0
120 296 295 292 279 287 289 290 286 286 283 288.3 288.0 26.7
130 290 280 269 275 270 265 270 265 269 265 271.8 269.5 43.2
140 280 274 270 265 265 265 265 265 260 270 267.9 265.0 47.1
150 268 268 272 270 271 273 272 272 274 270 271.0 271.5 44.0
160 274 265 272 272 272 268 270 271 273 273 271.0 272.0 44.0
170 298 292 296 301 305 299 299 300 302 301 299.3 299.5 15.7
180 300 295 302 299 299 297 295 302 303 302 299.4 299.5 15.6
190 303 304 287 298 301 300 301 305 298 301 299.8 301.0 15.2
200 298 301 292 299 300 301 302 301 300 301 299.5 300.5 15.5
210 269 270 258 267 273 264 273 276 270 273 269.3 270.0 45.7
220 264 258 270 294 266 269 270 270 276 276 271.3 270.0 43.7
230 273 282 273 285 264 273 273 279 273 273 274.8 273.0 40.2
240 270 273 279 279 303 297 291 282 273 291 283.8 280.5 31.2
250 303 279 282 270 297 270 270 273 270 267 278.1 271.5 36.9
260 262 261 264 261 249 264 266 266 262 265 262.0 263.0 53.0
270 265 262 262 263 263 256 260 263 268 267 262.9 263.0 52.1
280 263 263 264 260 266 260 260 267 263 263 262.9 263.0 52.1
290 268 266 265 264 262 255 257 262 269 261 262.9 263.0 52.1
300 260 264 260 256 265 246 246 260 251 250 255.8 258.0 59.2
310 253 253 263 263 255 257 262 261 267 268 260.2 261.5 54.8
320 267 266 265 263 263 267 259 259 260 260 262.9 263.0 52.1
330 261 266 263 263 263 269 262 262 267 262 263.8 263.0 51.2
340 143 133 131 129 139 170 141 179 131 125 142.1 136.0 172.9
350 131 125 134 127 133 125 139 129 187 127 135.7 130.0 179.3
360 129 122 131 129 125 131 119 133 191 129 133.9 129.0 181.1
370 125 121 127 129 125 125 123 129 155 179 133.8 126.0 181.2
380 130 151 121 133 131 127 117 133 117 193 135.3 130.5 179.7
390 127 133 137 119 123 125 129 132 153 155 133.3 130.5 181.7
400 163 129 119 121 123 121 132 127 127 143 130.5 127.0 184.5
410 193 125 135 121 129 121 123 123 132 143 134.5 127.0 180.5
420 165 151 147 121 121 129 125 125 125 133 134.2 127.0 180.8
430 129 153 129 122 129 139 133 114 135 133 131.6 131.0 183.4
440 133 191 129 139 119 119 127 131 135 133 135.6 132.0 179.4
450 133 129 205 139 123 129 125 127 125 123 135.8 128.0 179.2
460 127 127 199 149 141 129 119 129 116 125 136.1 128.0 178.9
470 125 135 141 179 123 129 124 135 133 277 150.1 134.0 164.9
480 209 137 135 197 125 125 129 132 143 121 145.3 133.5 169.7
490 123 131 123 163 145 123 121 129 123 133 131.4 126.0 183.6
500 119 127 129 127 163 135 139 131 135 131 133.6 131.0 181.4
510 114 113 113 114 113 113 114 113 115 114 113.6 113.5 201.4
520 113 114 114 114 114 113 114 114 113 114 113.7 114.0 201.3
530 113 114 114 114 113 113 114 114 113 114 113.6 114.0 201.4
540 114 113 114 113 113 114 113 114 114 113 113.5 113.5 201.5
550 113 113 114 113 114 114 113 113 114 113 113.4 113.0 201.6
560 114 114 113 114 113 114 113 114 114 113 113.6 114.0 201.4
570 114 113 113 114 114 114 114 113 113 113 113.5 113.5 201.5
580 114 114 113 114 114 113 113 113 114 114 113.6 114.0 201.4
590 114 113 114 114 114 113 114 114 113 114 113.7 114.0 201.3
600 115 113 114 119 114 114 113 114 113 116 114.5 114.0 200.5
