10 315 314 255 313 314 314 312 312 312 313 307.4 313.0 7.6
20 312 311 312 314 315 284 314 315 314 284 307.5 313.0 7.5
30 297 295 296 314 314 310 295 314 314 311 306.0 310.5 9.0
40 311 308 307 314 313 313 313 311 313 309 311.2 312.0 3.8
50 308 310 310 309 312 311 311 310 311 310 310.2 310.0 4.8
60 311 314 315 309 309 305 308 312 311 305 309.9 310.0 5.1
70 307 309 307 309 308 313 310 314 314 314 310.5 309.5 4.5
80 313 309 308 315 311 311 312 310 309 310 310.8 310.5 4.2
90 311 311 310 309 310 309 311 313 312 313 310.9 311.0 4.1
100 311 311 312 312 312 310 314 312 311 314 311.9 312.0 3.1
110 310 313 311 313 309 314 311 310 313 312 311.6 311.5 3.4
120 312 314 312 314 312 312 312 310 312 309 311.9 312.0 3.1
130 311 312 313 310 314 312 311 313 314 310 312.0 312.0 3.0
140 311 312 311 313 315 313 312 313 315 312 312.7 312.5 2.3
150 314 312 313 312 312 314 311 314 313 314 312.9 313.0 2.1
160 311 312 314 313 313 315 313 312 313 311 312.7 313.0 2.3
170 311 314 312 314 313 311 312 313 316 312 312.8 312.5 2.4
180 314 313 313 314 314 312 312 312 314 312 313.0 313.0 2.0
190 314 314 313 315 312 314 313 314 313 313 313.5 313.5 1.5
200 313 313 315 313 315 312 315 312 312 313 313.3 313.0 1.7
210 314 312 314 312 313 314 314 314 314 314 313.5 314.0 1.5
220 312 315 313 313 315 312 313 313 313 312 313.1 313.0 1.9
230 314 312 314 313 314 314 313 314 313 315 313.6 314.0 1.4
240 315 313 314 313 313 313 314 313 313 312 313.3 313.0 1.7
250 314 314 313 313 314 313 315 312 313 313 313.4 313.0 1.6
260 314 314 314 315 313 313 314 316 312 314 313.9 314.0 1.3
270 314 314 313 314 313 314 314 313 314 314 313.7 314.0 1.3
280 314 314 313 315 313 314 313 314 313 314 313.7 314.0 1.3
290 314 313 313 314 313 315 313 313 314 313 313.5 313.0 1.5
300 313 313 312 314 314 313 313 312 314 314 313.2 313.0 1.8
310 314 314 314 314 315 314 315 315 314 314 314.3 314.0 0.7
320 314 313 314 313 315 313 313 315 313 313 313.6 313.0 1.4
330 313 314 314 313 315 315 313 314 314 314 313.9 314.0 1.1
340 314 313 314 314 314 314 314 314 313 315 313.9 314.0 1.1
350 313 314 314 314 313 314 314 314 314 314 313.8 314.0 1.2
360 313 313 314 314 314 314 314 314 315 313 313.8 314.0 1.2
370 314 314 314 314 314 315 314 314 315 313 314.1 314.0 0.9
380 313 314 313 314 314 315 314 313 315 314 313.9 314.0 1.1
390 314 314 314 314 314 315 314 315 314 314 314.2 314.0 0.8
400 313 314 314 314 314 314 314 314 314 314 313.9 314.0 1.1
410 314 314 314 314 314 314 314 315 314 314 314.1 314.0 0.9
420 315 313 314 314 314 314 314 314 314 314 314.0 314.0 1.0
430 314 314 314 314 314 314 314 315 314 314 314.1 314.0 0.9
440 314 314 315 314 314 314 314 314 314 314 314.1 314.0 0.9
450 314 314 315 313 313 314 314 314 314 314 313.9 314.0 1.1
460 314 314 314 314 314 314 314 314 314 314 314.0 314.0 1.0
470 314 314 315 314 314 314 314 314 313 313 313.9 314.0 1.1
480 314 314 314 314 314 314 314 315 314 314 314.1 314.0 0.9
490 314 314 314 314 314 315 313 314 314 314 314.0 314.0 1.0
500 314 313 314 313 314 314 314 315 314 315 314.0 314.0 1.0
510 314 314 314 314 314 314 314 314 314 314 314.0 314.0 1.0
520 314 314 314 314 314 315 314 314 314 314 314.1 314.0 0.9
530 314 314 314 314 313 314 314 314 314 314 313.9 314.0 1.1
540 314 314 314 314 314 314 314 314 314 314 314.0 314.0 1.0
550 315 314 314 314 314 314 314 315 314 314 314.2 314.0 0.8
560 314 314 314 314 314 314 314 315 314 314 314.1 314.0 0.9
570 314 313 315 314 313 316 314 314 314 314 314.1 314.0 1.1
580 315 314 314 315 314 314 315 313 315 314 314.3 314.0 0.7
590 314 314 315 314 314 314 314 314 314 314 314.1 314.0 0.9
600 314 314 314 315 314 314 314 315 314 314 314.2 314.0 0.8
