10 315 315 315 315 315 255 315 315 315 315 309.0 315.0 6.0
20 315 315 315 315 315 315 315 315 315 315 315.0 315.0 0.0
30 295 295 315 315 295 315 295 315 315 315 307.0 315.0 8.0
40 315 315 315 315 315 315 315 315 315 315 315.0 315.0 0.0
50 315 315 315 315 315 315 315 315 315 315 315.0 315.0 0.0
60 305 305 305 305 305 305 295 315 305 305 305.0 305.0 10.0
70 309 309 300 300 309 300 300 300 300 309 303.6 300.0 11.4
80 295 303 295 295 295 287 295 303 303 295 296.6 295.0 18.4
90 314 307 307 314 314 321 307 314 321 321 314.0 314.0 4.6
100 327 333 333 327 327 333 321 339 339 333 331.2 333.0 16.2
110 279 291 297 291 303 309 297 303 297 309 297.6 297.0 17.4
120 310 310 320 320 315 305 315 320 310 315 314.0 315.0 4.0
130 280 280 270 270 275 270 270 275 265 265 272.0 270.0 43.0
140 265 265 265 265 270 270 270 270 265 270 267.5 267.5 47.5
150 291 295 287 287 291 295 303 295 291 295 293.0 293.0 22.0
160 295 291 295 295 295 291 291 307 295 299 295.4 295.0 19.6
170 231 235 235 235 239 235 231 255 235 239 237.0 235.0 78.0
180 235 227 239 235 231 231 231 235 247 227 233.8 233.0 81.2
190 231 235 227 227 231 231 231 235 255 239 234.2 231.0 80.8
200 330 327 327 330 330 327 330 330 342 327 330.0 330.0 15.0
210 258 261 261 255 258 264 258 261 270 276 262.2 261.0 52.8
220 258 264 264 264 252 264 264 264 255 291 264.0 264.0 51.0
230 255 261 258 258 255 255 255 258 252 273 258.0 256.5 57.0
240 258 261 267 279 300 282 282 273 300 300 280.2 280.5 34.8
250 252 300 270 273 264 258 261 273 267 267 268.5 267.0 46.5
260 201 168 171 159 165 165 171 156 156 153 166.5 165.0 148.5
270 189 159 162 159 147 156 153 168 162 168 162.3 160.5 152.7
280 165 189 162 159 159 159 180 165 165 171 167.4 165.0 147.6
290 177 201 159 156 174 168 171 144 177 156 168.3 169.5 146.7
300 307 325 331 361 341 321 327 327 313 333 328.6 327.0 15.6
310 353 321 337 307 313 309 307 311 313 319 319.0 313.0 10.0
320 315 311 331 315 313 305 319 305 313 311 313.8 313.0 5.2
330 321 311 329 325 303 305 305 311 297 309 311.6 310.0 9.4
340 129 125 121 187 125 123 125 123 123 129 131.0 125.0 184.0
350 131 123 125 137 153 121 127 123 135 123 129.8 126.0 185.2
360 117 127 129 123 209 127 117 131 131 139 135.0 128.0 180.0
370 129 165 123 127 175 145 133 135 125 145 140.2 134.0 174.8
380 143 127 117 131 133 189 151 129 133 121 137.4 132.0 177.6
390 131 127 119 121 119 163 123 127 125 127 128.2 126.0 186.8
400 129 133 129 135 129 137 189 131 125 117 135.4 130.0 179.6
410 129 121 141 133 139 121 177 121 131 117 133.0 130.0 182.0
420 139 113 123 125 117 141 141 181 125 117 132.2 125.0 182.8
430 133 139 133 123 123 119 129 195 129 121 134.4 129.0 180.6
440 147 127 123 141 127 137 131 161 159 135 138.8 136.0 176.2
450 125 151 133 117 131 125 131 125 189 121 134.8 128.0 180.2
460 143 131 123 131 127 125 117 129 197 139 136.2 130.0 178.8
470 115 121 125 127 121 123 129 121 173 245 140.0 124.0 175.0
480 195 135 135 135 135 123 125 129 127 201 144.0 135.0 171.0
490 125 133 121 135 121 127 119 133 123 125 126.2 125.0 188.8
500 281 251 209 263 217 131 121 127 135 129 186.4 172.0 128.6
510 21 79 113 87 107 107 111 111 111 111 95.8 109.0 219.2
520 95 109 95 113 103 105 107 105 97 111 104.0 105.0 211.0
530 97 111 109 105 101 113 99 103 107 109 105.4 106.0 209.6
540 103 14 109 107 109 95 105 105 105 107 95.9 105.0 219.1
550 113 109 15 109 99 107 107 91 107 105 96.2 107.0 218.8
560 113 111 109 103 105 109 109 107 113 105 108.4 109.0 206.6
570 107 99 111 107 107 29 113 99 107 111 99.0 107.0 216.0
580 113 109 111 111 105 111 105 111 111 19 100.6 111.0 214.4
590 113 109 111 107 95 113 109 89 113 105 106.4 109.0 208.6
600 356 353 361 289 363 348 278 329 301 364 334.2 350.5 34.6
