0.014308200043160468
0.014021000009961426
0.015364699997007847
0.014246100035961717
0.014028800011146814
0.014250899956095964
0.014494000002741814
0.01532870001392439
0.014496699965093285
0.01407509995624423
0.014557099959347397
0.01488279999466613
0.014912900049239397
0.014470099995378405
0.015162999974563718
0.014898500056006014
0.015368100022897124
0.015230099961627275
0.015267099952325225
0.015077899966854602
0.014212700014468282
0.014381000015418977
0.014217599993571639
0.014000300026964396
0.014027500001247972
0.014220999961253256
0.014046900032553822
0.014118799997959286
0.014293400046881288
0.014244399964809418
0.014949700038414448
0.014353300037328154
0.014916300016921014
0.014370899996720254
0.015843199973460287
0.015593399992212653
0.01591539999935776
0.01623670000117272
0.01587799994740635
0.016686199989635497
0.01644910004688427
0.01488870003959164
0.015212900005280972
0.015519700013101101
0.01665459998184815
0.015200999972876161
0.014957999985199422
0.014898500056006014
0.014809200016316026
0.014463700004853308
0.014220000011846423
0.014259600022342056
0.020722699991893023
0.019731200009118766
0.014059800014365464
0.014213800022844225
0.014211800007615238
0.014179899997543544
0.014558999973814934
0.01479519996792078
0.014060000015888363
0.014311800012364984
0.01417310000397265
0.014320599962957203
0.014357700012624264
0.014381199958734214
0.01427370001329109
0.014568899990990758
0.014423799992073327
0.014216699986718595
0.014196900010574609
0.014459200028795749
0.014518500014673918
0.01437150000128895
0.014407599985133857
0.014363599999342114
0.014235599956009537
0.014651999983470887
0.01457749999826774
0.01439219998428598
0.014502599951811135
0.014081899949815124
0.014104600006248802
0.014394400001037866
0.014514999988023192
0.014261199976317585
0.01424719998613
0.0142354000126943
0.014373499958310276
0.014475700038019568
0.015089399996213615
0.014585299999453127
0.015324000036343932
0.014993500022683293
0.014958200044929981
0.014586200006306171
0.015097700001206249
0.01517299999250099
0.014686500013340265
0.01518639997811988
0.014993300021160394
0.01468849997036159
0.014690999989397824
0.014449700014665723
0.014213400019798428
0.014899800007697195
0.014283700031228364
0.01430500001879409
0.01405009999871254
0.014420700026676059
0.014866699988488108
0.015682199969887733
0.013948499981779605
0.0135656000347808
0.014032900042366236
0.014195399999152869
0.013982900010887533
0.014937300002202392
0.013904599996749312
0.014017200039234012
0.014046500029508024
0.014026799995917827
0.014919600042048842
0.01382479997118935
0.01451830001315102
0.015266700007487088
0.01407530001597479
0.013778400025330484
0.013983100012410432
0.014208999986294657
0.014218099997378886
0.013798700005281717
0.013957099989056587
0.013803199981339276
0.01413139997748658
0.015074399998411536
0.014477499993517995
0.016218299977481365
0.01522790000308305
0.014964399975724518
0.016250799992121756
0.014034299994818866
0.01493320002919063
0.014634600025601685
0.013728300051297992
0.013891700014937669
0.01408110000193119
0.014129299961496145
0.013898999954108149
0.013876100012566894
0.013982699951156974
0.013868100009858608
0.014207500033080578
0.014101300039328635
0.015072700043674558
0.014155899989418685
0.013995499990414828
0.013955600035842508
0.014487499953247607
0.013886100030504167
0.014234200003556907
0.014176800032146275
0.014363099995534867
0.014443500025663525
0.013921500009018928
0.014202299993485212
0.01425609999569133
0.014014899963513017
0.013682199991308153
0.01366479997523129
0.013951800006907433
0.014013200008776039
0.014392999990377575
0.014314099971670657
0.014462699997238815
0.01434039999730885
0.01424570003291592
0.01426800002809614
0.02133660000981763
0.013813300000037998
0.014277100039180368
0.014515899994876236
0.013774899998679757
0.014281900017522275
0.013930499961134046
0.013796999992337078
0.013844800007063895
0.014446100045461208
0.013948700041510165
0.013729500002227724
0.013751299993600696
0.014685100002679974
0.014432800002396107
0.014361999987158924
0.013988599996082485
0.0139064000104554
0.014818200026638806
0.01507979998132214
0.014640900015365332
0.015096199989784509
0.01441299996804446
0.014572299958672374
0.01425609999569133
0.013944000005722046
0.014235600014217198
0.014068300020880997
0.014935499988496304
0.015507000032812357
0.015158599999267608
0.014582300034817308
0.013641399971675128
0.013651900051627308
0.013737900007981807
0.013820199994370341
0.014018300047609955
0.013841499981936067
0.013866799999959767
0.013919000048190355
0.01392709999345243
0.014075799961574376
0.01403969997772947
0.01399820001097396
0.013981299998704344
0.014753399998880923
0.014025100041180849
0.015749800018966198
0.01442789996508509
0.0145893000299111
0.01443530002143234
0.014388300012797117
0.013990499952342361
0.014084899972658604
0.014383200032170862
0.014305999968200922
0.0140796999912709
0.014379400003235787
0.01410779997240752
0.01383830001577735
0.014003799995407462
0.01412710000295192
0.014342700014822185
0.014238999981898814
0.014426000008825213
0.014125400048214942
0.014433500007726252
0.014533600013237447
0.014801500015892088
0.014935899991542101
0.014310099999420345
0.014069399971049279
0.014875799999572337
0.014489200024399906
0.014097800012677908
0.014055299980100244
0.014095599995926023
0.014958599989768118
0.014136900019366294
0.014135000004898757
0.01426199998240918
0.014988799986895174
0.014803099969867617
0.01481760002207011
0.014846000005491078
0.014153499971143901
0.015344099956564605
0.013732699968386441
0.013670000014826655
0.013600300007965416
0.013971699983812869
0.014251800021156669
0.014278799993917346
0.015254799975082278
0.015189199999440461
0.014774000039324164
0.015427600010298193
0.015855700010433793
0.016405000002123415
0.016720599960535765
0.015161599963903427
0.016222399950493127
0.016981100023258477
0.014867499994579703
0.016453600022941828
0.016653700033202767
0.01648890000069514
0.016855499998200685
0.016710500000044703
0.0166355999535881
0.01663999998709187
0.014883199997711927
0.014430000039283186
0.014133699994999915
0.014301699993666261
0.01401159999659285
0.013950599997770041
0.013952999957837164
0.013863300031516701
0.014031700033228844
0.014246000035200268
0.013960199954453856
0.013910099980421364
0.013836500002071261
0.013933199981693178
0.013901699974667281
0.014669600001070648
0.014496500021778047
0.014422700041905046
0.01419080002233386
0.014094999991357327
0.014166800014209002
0.014143000007607043
0.01407219999236986
0.013999900023918599
0.014018299989402294
0.01396839995868504
0.014067700016312301
0.014016899978742003
0.014533700013998896
0.014087699993979186
0.014014900021720678
0.014082000008784235
0.014195499999914318
0.014140899991616607
0.014295100001618266
0.013942999998107553
0.013930600020103157
0.014267100021243095
0.014253699977416545
0.013929500011727214
0.014409700001124293
0.014027099998202175
0.014045300020370632
0.013887099979911
0.014145300025120378
0.01401020004414022
0.013887700042687356
0.014290400024037808
0.014105099951848388
0.013992500025779009
0.013907700020354241
0.013914400013163686
0.013963199977297336
0.013947599974926561
0.013942199992015958
0.013878500030841678
0.014118799997959286
0.013880799990147352
0.014373500016517937
0.014243700017686933
0.014010599988978356
0.013891900016460568
0.014365200011525303
0.014077100029680878
0.014182999962940812
0.014677300001494586
0.01413289998890832
0.015234199992846698
0.015142199990805238
0.01450930000282824
0.014132799988146871
0.014033999992534518
0.014102499990258366
0.013820099993608892
0.013870600028894842
0.013900700025260448
0.031214799964800477
0.0368908999953419
0.01416259998222813
0.015018299978692085
0.014973499986808747
0.014617000008001924
0.015301300038117915
0.015316299977712333
0.014681399974506348
0.014913499995600432
0.014364699949510396
0.013914999959524721
0.013840799976605922
0.014170499984174967
0.01419969997368753
0.0137877999804914
0.013888899993617088
0.014030899968929589
0.014037899964023381
0.013818500039633363
0.013790600001811981
0.014421099971514195
0.014398800034541637
0.01377590000629425
0.014192700036801398
0.013732900028117001
0.014234400005079806
0.014101299981120974
0.014157400000840425
0.014045400021132082
0.01376409997465089
0.013876600016374141
0.013923300022725016
0.01400249998550862
0.01415970001835376
0.014312600018456578
0.013940000033471733
0.014148999995086342
0.013922100013587624
