0.014842199999975492
0.015150700000049255
0.01448249999998552
0.015085300000009738
0.015500299999985145
0.01576929999987442
0.01595020000013392
0.016085399999838046
0.015046100000063234
0.015217299999903844
0.015487399999983609
0.01579530000003615
0.01806569999985186
0.020001800000045478
0.02269690000002811
0.015095199999905162
0.016195600000173727
0.016053300000066884
0.015601700000161145
0.015914199999997436
0.0150644000000284
0.014506600000004255
0.014190300000109346
0.014363000000003012
0.014281399999845235
0.01401110000006156
0.01448290000007546
0.015159399999902234
0.015403299999888986
0.014288700000179233
0.014415399999961664
0.016574099999843384
0.015336700000034398
0.01593219999995199
0.015587399999958507
0.015632600000117236
0.015892299999904935
0.015616399999998976
0.01557209999987208
0.01428659999987758
0.014331699999956982
0.014155500000015309
0.014410100000077364
0.01489690000016708
0.01426539999988563
0.014043600000150036
0.01407510000012735
0.014400099999875238
0.016561400000000503
0.01608269999996992
0.014667600000166203
0.01426450000008117
0.015076800000088042
0.015394699999887962
0.016218500000150016
0.01572759999999107
0.014875099999926533
0.014309700000012526
0.014529900000070484
0.01472209999997176
0.0153447000000142
0.015498499999921478
0.015003999999862572
0.015767000000096232
0.01561489999994592
0.015412400000059279
0.015685699999949065
0.01554800000008072
0.015981900000042515
0.016102999999930034
0.014467799999920317
0.014704800000117757
0.015486500000179149
0.015576800000189905
0.015730399999938527
0.01589119999994182
0.014632299999902898
0.01411669999993137
0.01445530000000872
0.014206800000010844
0.014063099999930273
0.014577199999848744
0.02094699999997829
0.023639899999807312
0.01441419999991922
0.015016899999864108
0.014779899999894042
0.014783599999873331
0.014486900000065361
0.014057400000183407
0.014386900000090463
0.015139200000021447
0.015662600000041493
0.01559640000004947
0.015599999999949432
0.014615300000059506
0.014444400000002133
0.014928900000086287
0.015671899999915695
0.016026400000100693
0.015254400000003443
0.01553579999995236
0.015668899999809582
0.015711700000110795
0.015662799999972776
0.015533500000174172
0.014974199999869597
0.015423499999997148
0.01562300000000505
0.01509570000007443
0.01566259999981412
0.015542200000027151
0.015821400000049834
0.015276800000037838
0.015584399999852394
0.01572859999987486
0.015676600000006147
0.015489499999830514
0.015480699999898206
0.015535900000031688
0.01507739999988189
0.016218099999832702
0.015141200000016397
0.015734199999997145
0.014981999999918116
0.015934699999888835
0.015547900000001391
0.015382699999918259
0.015680200000133482
0.015717300000005707
0.01523870000005445
0.015567000000146436
0.015710400000216396
0.01552809999998317
0.015404700000090088
0.016842699999870092
0.016426700000010896
0.014107400000057169
0.014017500000136351
0.013981499999999869
0.014115600000195627
0.01399449999985336
0.014440599999943515
0.014942000000019107
0.014819600000009814
0.014343499999995402
0.014655299999958515
0.014952500000163127
0.014282099999945785
0.014226600000029066
0.014020200000004479
0.014782500000137588
0.014583700000002864
0.014282500000035725
0.01472050000006675
0.0148768999999902
0.014671899999939342
0.014504699999861259
0.014572400000133712
0.042864600000029895
0.014739600000211794
0.014305899999953908
0.014021700000057535
0.014205800000127056
0.014274800000066534
0.014210199999979523
0.014345399999911024
0.01428170000008322
0.014102599999887389
0.015123600000151782
0.014277200000151424
0.014130799999975352
0.01407429999994747
0.014085900000054608
0.013951599999927566
0.013914899999917907
0.014105200000130935
0.014052100000071732
0.014163000000053216
0.015379500000108237
0.0145542000000205
0.014558200000010402
0.014872599999989689
0.016037500000038563
0.015281499999900916
0.014797199999975419
0.014898200000061479
0.014723200000162251
0.014519500000005792
0.014787500000011278
0.015482799999972485
0.015561599999955433
0.015088200000036522
0.01528609999991204
0.014976199999864548
0.015258599999924627
0.015247100000124192
0.015546999999969557
0.015639400000054593
0.015230299999984709
0.015526599999930113
0.015526899999940724
0.015111400000023423
0.015605800000003
0.015345900000056645
0.015360600000121849
0.015093600000000151
0.015167600000040693
0.014869000000089727
0.015395899999930407
0.015678299999990486
0.015500299999985145
0.015406399999847054
0.015444500000057815
0.015333899999859568
0.015419500000007247
0.015493999999989683
0.015190999999958876
0.015421999999944092
0.015288399999917601
0.015966400000024805
0.015074499999855107
0.014968799999905968
0.015533000000004904
0.015099199999895063
0.015653200000087963
0.015410500000143657
0.015519900000072084
0.01513969999996334
0.014930699999922581
0.01563910000004398
0.015151099999911821
0.015272699999968609
0.015429900000071939
0.015253400000119655
0.015240100000028178
0.015280700000175784
0.015407399999958216
0.015311999999994441
0.015237000000070111
0.015351900000041496
0.015342799999871204
0.015350099999977829
0.015475100000003295
0.015051999999968757
0.015258700000003955
0.015200800000002346
0.01544770000009521
0.015246400000023641
0.026403300000083618
0.02293680000002496
0.014766400000098656
0.013907999999901222
0.014185399999860238
0.013986500000100932
0.014363199999934295
0.014451400000098147
0.014172400000006746
0.014260599999943224
0.014184999999997672
0.014423200000010183
0.014017400000057023
0.014014700000188896
0.013998799999853873
0.014031300000169722
0.01422010000010232
0.014101800000162257
0.013960700000097859
0.014025600000195482
0.014226499999949738
0.014069800000015675
0.014200900000105321
0.014346700000032797
0.014337999999952444
0.013980399999809379
0.014364699999987351
0.014002500000060536
0.013948900000059439
0.013995400000112568
0.01428740000005746
0.014267999999901804
0.01390199999991637
0.013976200000115568
0.01408609999998589
0.014395499999864114
0.013957699999991746
0.013980499999888707
0.01400980000016716
0.014156299999967814
0.014344399999799862
0.014347199999974691
0.014095999999881315
0.014274899999918489
0.013919399999849702
0.01387639999984458
0.014118800000005649
0.01399289999994835
0.01398749999998472
0.014410500000167303
0.014137699999992037
0.014069600000084392
0.013788100000056147
0.013945899999953326
0.013928399999940666
0.01403430000004846
0.014030199999979232
0.013957900000150403
0.013953200000059951
0.014033400000016627
0.013962900000024092
0.014125100000001112
0.014009199999918565
0.014350100000001476
0.014320200000156547
0.014119299999947543
0.013964200000145865
0.014232199999923978
0.014080599999942933
0.014047200000049997
0.01410859999987224
0.013975700000173674
0.014145099999950617
0.013889099999914833
0.01406659999997828
0.014030599999841797
0.014152599999988524
0.01940969999986919
0.018220100000007733
0.014252299999952811
0.013804199999867706
0.013988100000005943
0.013851799999883951
0.014151299999866751
0.01484800000002906
0.0143818999999894
0.014150099999824306
0.013899300000048243
0.014189100000066901
0.01414680000016233
0.014113899999983914
0.014235499999813328
0.014555599999994229
0.014385500000116735
0.014064400000052046
0.013900000000148793
0.013918900000135181
0.01395989999991798
0.013988999999810403
0.014061800000035873
0.014295499999889216
0.014160700000047655
0.014085699999895951
0.014096500000050582
0.013972599999988233
0.013871099999960279
0.013902000000143744
0.013801499999999578
0.014044099999864557
0.013829499999928885
0.013805199999978868
0.01390280000009625
0.013937499999883585
0.013822500000060245
0.014131099999985963
0.014266300000144838
0.01407159999985197
0.013937699999814868
0.014019400000051974
0.014204399999925954
0.01410359999999855
0.01396060000001853
0.014020999999956985
0.01403430000004846
0.014253800000005867
0.01399289999994835
0.013938399999915418
0.014039400000001478
0.014135399999986475
0.014189900000019406
0.0138624000001073
0.013785600000119302
0.013877399999955742
0.013934800000015457
0.013925500000141255
0.013908399999991161
0.014056100000061633
0.014065800000025774
0.013991599999826576
0.013896500000100787
0.014047699999991892
0.01400300000000243
0.013978799999904368
0.01383750000013606
0.013866200000165918
0.013682399999879635
0.014258599999948274
0.014399299999922732
0.014624500000081753
0.01420719999987341
0.013938499999994747
