0.015175800013821572
0.0021974999690428376
0.00019529997371137142
0.00018619996262714267
0.000221800000872463
0.00023070001043379307
0.0001936000189743936
0.00018089998047798872
0.00032189994817599654
0.00018620002083480358
0.00018800003454089165
0.00022329995408654213
0.00019260001135990024
0.0006449000211432576
0.0006829000194557011
0.0008924999856390059
0.0007043000077828765
0.0006825999589636922
0.0006706999847665429
0.00045629998203366995
0.000672499998472631
0.0006652000010944903
0.00047720002476125956
0.000667200016323477
0.000360800011549145
0.0003657999914139509
0.000659800018183887
0.0006754000205546618
0.0004364000051282346
0.0008802999509498477
0.0006590000120922923
0.0006958000012673438
0.0006564999930560589
0.0003994000144302845
0.0003293000045232475
0.00022679998073726892
0.0002123000449500978
0.00022170000011101365
0.00019380002049729228
0.00019880000036209822
0.00020899996161460876
0.00019399996381253004
0.00022009998792782426
0.00020479998784139752
0.00022929999977350235
0.00020780001068487763
0.00022109999554231763
0.00019910000264644623
0.00020559999393299222
0.00013550004223361611
0.0002066000015474856
0.00023249996593222022
0.00025020004250109196
0.00019799999427050352
0.00022329995408654213
0.00029339996399357915
0.0002106999745592475
0.00024240004131570458
0.0002513999934308231
0.00020740000763908029
0.0002604000037536025
0.00021709996508434415
0.0002565000322647393
0.00022380001610144973
0.00024189997930079699
0.00020439998479560018
0.00022109999554231763
0.0002041999832727015
0.0003010999644175172
0.0002801999798975885
0.00029669998912140727
0.0002454000059515238
0.00025539996568113565
0.00025889999233186245
0.00023439998039975762
0.0002047000452876091
0.00020619999850168824
0.0002435000496916473
0.00022190000163391232
0.00022659997921437025
0.00027359998784959316
0.00023009994765743613
0.00023110001347959042
0.0002057999954558909
0.0002250999677926302
0.00023960001999512315
0.00025679997634142637
0.00021650001872330904
0.0002492000348865986
0.00026570004411041737
0.0002114999806508422
0.0002125999890267849
0.00021950004156678915
0.0002253999700769782
0.00022270000772550702
0.0002044999855570495
0.00023210002109408379
0.00021729996660724282
0.00019599997904151678
0.00025919999461621046
0.0002465000143274665
0.00021110003581270576
0.00019269995391368866
0.0001938999630510807
0.00019699998665601015
0.0001954999752342701
0.0002481999690644443
0.00026270002126693726
0.00023330003023147583
0.0002626000205054879
0.00021199998445808887
0.00021870003547519445
0.00022550002904608846
0.00019950000569224358
0.00029850000282749534
0.00019039999460801482
0.00019259995315223932
0.00023280002642422915
0.00023790000705048442
0.0002598999999463558
0.0001928000128827989
0.0001905999961309135
0.00019190000602975488
0.00019290001364424825
0.00019390002125874162
0.00019539997447282076
0.00020810001296922565
0.00019190000602975488
0.00019270001212134957
0.0002343000378459692
0.00023980002151802182
0.00021410000044852495
0.00024610001128166914
0.0002031000331044197
0.00023260002490133047
0.00022709998302161694
0.000202000024728477
0.00020379998022690415
0.0002120999852195382
0.00018850003834813833
0.0001810999820008874
0.00022119999630376697
0.00025489996187388897
0.00019010005053132772
0.0002513999934308231
0.000221800000872463
0.00018939998699352145
0.00019970000721514225
0.0002001000102609396
0.0002337999758310616
0.00018830003682523966
0.0001811000402085483
0.0001868000254034996
0.000185999961104244
0.00018689996795728803
0.00025460001779720187
0.00020089995814487338
0.00013479997869580984
0.00020219996804371476
0.0001876000314950943
0.00022559997159987688
0.0001852000132203102
0.00018150004325434566
0.00017710000975057483
0.00012620002962648869
0.00018610002007335424
0.00017849996220320463
0.00018559995805844665
0.00021840003319084644
0.00019749999046325684
0.00019619998056441545
0.000202000024728477
0.00018420000560581684
0.00019399996381253004
0.0001943999668583274
0.00019890000112354755
0.0002072000061161816
0.00019299995619803667
0.00020400003995746374
0.00019069999689236283
0.00018159998580813408
0.00018750003073364496
0.00018670002464205027
0.00018370000179857016
0.0001981999957934022
0.0001846999512054026
0.0001832999987527728
0.0001881999778561294
0.00018400000408291817
0.00018719997024163604
0.0002030999748967588
0.00022109999554231763
0.00020219996804371476
0.0001865000231191516
0.0001645000302232802
0.00022289995104074478
0.0001974000479094684
0.0002066000015474856
0.0001868000254034996
0.00018140004249289632
0.00021169998217374086
0.000194900028873235
0.00024349999148398638
0.0002280999906361103
0.00014790002023801208
0.0002145000034943223
0.0001824999926611781
0.0001947000273503363
0.00018149998504668474
0.0001202999847009778
0.00018060003640130162
0.0002147999475710094
0.00019319995772093534
0.00023370003327727318
0.00023110001347959042
0.00017630000365898013
0.00019319995772093534
0.0001792000257410109
0.00018019997514784336
0.00018089998047798872
0.00018440000712871552
0.0002251000260002911
0.00018130004173144698
0.000202300027012825
0.00020740000763908029
0.00019069999689236283
0.00017799995839595795
0.00022260000696405768
0.0002389000146649778
0.0002468999591656029
0.00019270001212134957
0.0002019999665208161
0.00021999998716637492
0.0002327000256627798
0.00019540003268048167
0.00017200002912431955
0.00024859997211024165
0.00023150001652538776
0.00025779998395591974
0.0002663999912329018
0.00017830001888796687
0.00017450004816055298
0.0001846000086516142
0.00017179996939375997
0.00028979999478906393
0.00023879995569586754
0.0003588999970816076
0.0002501000417396426
0.00017689995002001524
0.00017439998919144273
0.0001742999884299934
0.00017390004359185696
0.00018100003944709897
0.000221800000872463
0.00018939998699352145
0.00035470002330839634
0.00021229998674243689
0.00023249996593222022
0.00017369998386129737
0.0002623000182211399
0.0001762000028975308
0.00016850000247359276
0.0001689000055193901
0.00024179997853934765
0.00015920004807412624
0.0002738999901339412
0.00017120002303272486
0.00017329998081550002
0.0001993000041693449
0.00017090002074837685
0.00019859999883919954
0.00017409998690709472
0.0001694000093266368
0.00022280000848695636
0.00018539995653554797
0.00044980004895478487
0.00020559999393299222
0.0001873000292107463
0.00021769996965304017
0.0001732000382617116
0.00023689999943599105
0.0001971000456251204
0.00025290000485256314
0.0002305000089108944
0.0002367999986745417
0.00022300001000985503
0.0002725999802350998
0.0002313000150024891
0.00021520000882446766
0.00021490000654011965
0.00020810001296922565
0.0002691000117920339
0.0003192999865859747
0.00017469999147579074
0.00019689998589456081
0.00017590000061318278
0.0001905999961309135
0.00020740000763908029
0.0002041999832727015
0.00020489998860284686
0.00019419996533542871
0.00019310001516714692
0.00016920000780373812
0.0002552999649196863
0.00020619999850168824
0.00020549999317154288
0.0001973999897018075
0.00018839997937902808
0.0001632000203244388
0.00017559999832883477
0.00018480001017451286
0.00018929998623207211
0.00022330001229420304
0.00016440002946183085
0.0002316000172868371
0.00018989999080076814
0.00020619999850168824
0.00021729996660724282
0.00020559999393299222
0.00030529999639838934
0.00017579999985173345
0.0003217000048607588
0.00021949998335912824
0.0002511999919079244
0.00019489997066557407
0.0001762000028975308
0.00018450000789016485
0.0002041999832727015
0.00015660002827644348
0.00015510001685470343
0.00019230000907555223
0.00018690002616494894
0.00016729999333620071
0.00016639998648315668
0.00016610004240646958
0.00020840001525357366
0.00015410000924021006
0.00022029998945072293
0.00016250001499429345
0.00014560000272467732
0.0001507000415585935
0.00017690000822767615
0.00016549997963011265
0.00016060000052675605
0.00023900001542642713
0.00014540000120177865
0.00024210003903135657
0.00022379995789378881
0.00020640000002458692
0.00018609996186569333
0.0001553000183776021
0.0001427999814040959
0.00015540001913905144
0.0001580000389367342
0.00016930000856518745
0.000139000010676682
0.00015579996397718787
0.00015320000238716602
0.00015459995483979583
0.00026760000037029386
0.00016930000856518745
0.00016569998115301132
0.00022490002447739244
9.200000204145908e-05
0.00010010000551119447
0.00018200004706159234
0.0001392999547533691
0.0001879000337794423
0.00018079997971653938
0.000139000010676682
0.00018289999570697546
0.0001392999547533691
0.0001501999795436859
0.0001333000254817307
0.0001517999917268753
0.00019619998056441545
0.00017389998538419604
0.00012989999959245324
0.00016170000890269876
0.00027790002059191465
0.0001857000170275569
0.00016310001956298947
0.00012879999121651053
0.00012689997674897313
0.0001289999927394092
0.00021810003090649843
0.00014560000272467732
0.00012590002734214067
0.00012719997903332114
0.00012669997522607446
0.00013950001448392868
0.00012450001668184996
0.00016340002184733748
0.00012510002125054598
0.00014080002438277006
0.0001433999859727919
0.00013719999697059393
0.00012600002810359
0.0001379000023007393
0.00013459997717291117
0.00016910000704228878
0.00011959997937083244
0.00013379997108131647
0.00012520002201199532
0.00018719997024163604
0.00019320001592859626
0.00011259998427703977
0.00011340004857629538
0.00011080002877861261
6.389996269717813e-05
