0.014949100033845752
0.008770000014919788
0.0003912999527528882
0.00034410000080242753
0.0006130999536253512
0.0006679000216536224
0.00041770003736019135
0.0003567999810911715
0.0003360999980941415
0.00034119997872039676
0.000470499973744154
0.0004050999996252358
0.00034149998100474477
0.00034219998633489013
0.0003381000133231282
0.0003412999794818461
0.0003359000547789037
0.00038709997897967696
0.0003765999572351575
9.799998952075839e-05
0.00040040002204477787
0.00036780000664293766
0.00033439998514950275
0.00034309999318793416
0.0003393999650143087
0.00033790001180022955
0.00044840003829449415
0.0003412999794818461
0.0003407999756745994
0.00037590001011267304
0.0003556999727152288
0.0005041999975219369
0.0004036999889649451
0.0006088000372983515
0.0006251000449992716
0.000541799992788583
0.00036720000207424164
0.00039439997635781765
0.00038049998693168163
0.00037429999792948365
9.26000066101551e-05
0.00036180001916363835
0.0004259999841451645
0.000477599969599396
0.0004483000375330448
0.0006228999700397253
0.0004521000082604587
0.0005018999800086021
0.00037269998574629426
0.0003576000453904271
0.00037599995266646147
0.00043539999751374125
0.0004032000433653593
0.0003391000209376216
0.0006288000149652362
0.0003758000093512237
0.0003992000129073858
0.0004164999700151384
0.00010029994882643223
0.0003864000318571925
0.0003893999964930117
0.0003774000215344131
0.00042699999175965786
0.0003796000382862985
0.00034819997381418943
0.00035930000012740493
0.0003884999896399677
0.0005633000400848687
0.0003648999845609069
0.00043889996595680714
0.00038100004894658923
0.00036689999978989363
0.00041280000004917383
0.0003925999626517296
0.0004409999819472432
0.0003595000016503036
0.00036149995867162943
0.00040279998211190104
0.00041989999590441585
0.00036050000926479697
0.0005765000241808593
0.0003847000189125538
0.0003595000016503036
0.0005330000421963632
0.00035280000884085894
0.0003773999633267522
0.0003690000157803297
0.0005712999845854938
0.0005249999812804163
0.0003803999861702323
0.0005873999907635152
0.00038240000139921904
0.0003877999843098223
0.000520800007507205
0.0003736000508069992
0.0005240000318735838
0.00037860003067180514
0.00035529996966943145
0.0004364000051282346
0.00037080002948641777
0.00038840004708617926
0.0003321000258438289
0.00033060001442208886
0.00032979995012283325
0.0005097999819554389
0.0006977000157348812
0.0005144000169821084
0.0005074999644421041
0.00032649998320266604
0.00032599997939541936
0.00033519999124109745
0.0005055000074207783
0.0003288000007160008
0.0005048000020906329
0.0003231000155210495
0.00037949997931718826
0.00033959996653720737
0.0005012999754399061
0.0003349999897181988
0.0005970000056549907
0.0003244999679736793
0.0005039999959990382
0.0005331000429578125
0.000501000031363219
0.0005058999522589147
0.00032460002694278955
0.00032620003912597895
0.0003492000396363437
0.0003532000118866563
0.0004867999814450741
0.0003206999972462654
0.0005094000371173024
0.00032049999572336674
0.0003160000196658075
0.0003288000007160008
0.0004956999910064042
0.00047580001410096884
0.0003160000196658075
0.0004937000339850783
0.0003160000196658075
0.00032569997711107135
0.00031810003565624356
0.00047660002019256353
0.0003163000219501555
0.0005050000036135316
0.0005642999894917011
0.0004878999898210168
0.00032110000029206276
6.51999725960195e-05
0.0003133999998681247
0.00030559999868273735
0.00048719998449087143
0.0003454000107012689
0.0003093000268563628
0.00047180004185065627
0.0005246999789960682
0.0004835999570786953
0.00033520004944875836
0.0004685999592766166
0.0004967999993823469
0.0003103000344708562
0.00030559999868273735
0.0004969000001437962
0.0005415999912656844
4.309997893869877e-05
