0.015101199969649315
0.0037540000048466027
0.0003098000306636095
0.000208500016015023
0.00021119997836649418
0.00025969999842345715
0.00021359999664127827
0.00021110003581270576
0.0002677000011317432
0.00021279999054968357
0.00021119997836649418
0.00020910002058371902
0.00021020002895966172
0.00023310002870857716
0.00021279999054968357
0.00021059997379779816
0.00025350000942125916
0.0003086999640800059
0.00021620001643896103
0.00021730002481490374
0.00020840001525357366
0.0002057999954558909
0.00020730000687763095
0.00024079997092485428
0.00021060003200545907
0.00020870001753792167
0.00021080003352835774
0.0002117999829351902
0.00021009996999055147
0.00021389999892562628
0.00021059997379779816
0.0002490000333636999
0.00027160003082826734
0.00023939996026456356
0.00022649997845292091
0.00025370001094415784
0.00023519998649135232
0.0002741999924182892
0.000228599994443357
0.00025159999495372176
0.00030010001501068473
0.00022149999858811498
0.0002177999704144895
0.0002528000040911138
0.0002300000051036477
0.00022990000434219837
0.00022190000163391232
0.0002463000128045678
0.00021769996965304017
0.0002212999970652163
0.00027459999546408653
0.0003149000112898648
0.0002660000463947654
0.0002581999870017171
0.00022449996322393417
0.0002753000007942319
0.0002502999850548804
0.00023880001390352845
0.0002574000391177833
0.00024910003412514925
0.0002607000060379505
0.0002569000353105366
0.0002837000065483153
0.0002459999523125589
0.0002568000345490873
0.00026569998590275645
0.00023770000552758574
0.0002812999882735312
0.00021810003090649843
0.0002552999649196863
0.00028689997270703316
0.0002327000256627798
0.00030369998421519995
0.0002725999802350998
0.00028389994986355305
0.00026270002126693726
0.0002589999930933118
0.00022469996474683285
0.0002541000139899552
0.000221800000872463
0.0002764000091701746
0.0003053999971598387
0.00028199999360367656
0.00027679995400831103
0.00025919999461621046
0.0002723999787122011
0.0002462000120431185
0.0003687000134959817
0.00024399999529123306
0.0002636000281199813
0.00030319998040795326
0.0003619000199250877
0.0002742999931797385
0.00032410002313554287
0.0002606000052765012
0.00027110002702102065
0.00027249997947365046
0.00022170000011101365
0.00028989999555051327
0.000341000035405159
0.0003440000000409782
0.0002229000092484057
0.00029659998835995793
0.00029260001610964537
0.00021759996889159083
0.0002066000015474856
0.00020949996542185545
0.00020940002286806703
0.00021110003581270576
0.00021050003124400973
0.00023250002413988113
0.0002072000061161816
0.00021169998217374086
0.00027760001830756664
0.00021169998217374086
0.0002250999677926302
0.00022720004199072719
0.0002699000178836286
0.0002514999941922724
0.0002114999806508422
0.0002392000169493258
0.000208800018299371
0.00026269996305927634
0.00020820001373067498
0.00021440000273287296
0.0002101999707520008
0.0003630999708548188
0.0002489000326022506
0.00033930002246052027
0.0002112000365741551
0.00023509998572990298
0.00023850001161918044
0.00020600005518645048
0.00024090002989396453
0.000272100034635514
0.00023770000552758574
0.00020769995171576738
0.0002400000230409205
0.00020349997794255614
0.00025829998776316643
0.00020600005518645048
0.00018510001245886087
0.0007144000264815986
0.0007334999972954392
0.0004152000183239579
0.0002378999488428235
0.00024530000519007444
0.0002505999873392284
0.0001984999980777502
0.00020379998022690415
0.00020650000078603625
0.0002044000430032611
0.00020489998860284686
0.00020650000078603625
0.00024209998082369566
0.0002066000015474856
0.00020220002625137568
0.00020790001144632697
0.0002057999954558909
0.0002082999562844634
0.00028909998945891857
0.0002779999631457031
0.00020750000840052962
0.00023750000400468707
0.0002066000015474856
0.00020589999621734023
0.0002060999977402389
0.0002348999842070043
0.0002060999977402389
0.00020780001068487763
0.00022170000011101365
0.00023740000324323773
0.00020650000078603625
0.00023230002261698246
0.000222400005441159
0.00020599999697878957
0.00023509998572990298
0.00023720000172033906
0.00023829995188862085
0.00025290000485256314
0.0002066000015474856
0.00029469997389242053
0.0002052999916486442
0.0002503999858163297
0.00028469995595514774
0.0003100999747402966
0.00020459998631849885
0.0002337999758310616
0.000202300027012825
0.00020089995814487338
0.00022229994647204876
0.00022170000011101365
0.00028410000959411263
0.0002447000006213784
0.00019880000036209822
0.0001996000064536929
0.00019940000493079424
0.00021959998412057757
0.00022819999139755964
0.00031480001052841544
0.00022639997769147158
0.00025669997557997704
0.0002462000120431185
0.00023150001652538776
0.00020940002286806703
0.00020020001102238894
0.0005207000067457557
0.0005188999930396676
0.0002702000201679766
0.0003079999587498605
0.00020020001102238894
0.00020209996728226542
0.00025970005663111806
0.00020080001559108496
0.00020030001178383827
0.00020050001330673695
0.0002001000102609396
0.00019799999427050352
0.000199299945961684
0.000201700022444129
0.00020009995205327868
0.00024510000366717577
0.00020429998403415084
0.00022849999368190765
0.00020030001178383827
0.00022769998759031296
0.00019869999960064888
0.0002261999761685729
0.00022659997921437025
0.00019480002811178565
0.00020340003538876772
0.0001933000166900456
0.00021059997379779816
0.00019890000112354755
0.0002251000260002911
0.0001925000105984509
0.00018239999189972878
0.00042990001384168863
0.00025860004825517535
0.00026130001060664654
0.0001990000018849969
0.00019920000340789557
0.00022719998378306627
0.0002259000320918858
0.00019560003420338035
0.0002584000467322767
0.0002267000381834805
0.00019260001135990024
0.0001922000083141029
0.00019180000526830554
0.00022439996246248484
0.00019219995010644197
0.00019859999883919954
0.0002258999738842249
0.00022250000620260835
0.000222100003156811
0.0001900999923236668
0.0002443999983370304
0.00020859995856881142
0.00023060000967234373
0.00024239998310804367
0.0002136999974027276
0.00023700000019744039
0.00021860003471374512
0.00021510000806301832
0.00021839997498318553
0.0001775999553501606
0.00017469999147579074
0.00024800002574920654
0.00021570001263171434
0.00021309999283403158
0.00020950002362951636
0.0001852000132203102
0.00019970000721514225
0.00026110000908374786
0.0002856999635696411
0.00029010005528107285
0.00022689998149871826
0.00019919994520023465
0.00022119999630376697
0.0002465000143274665
0.0002620000159367919
0.00018279999494552612
0.00026020000223070383
0.00023689999943599105
0.0002500000409781933
0.00022689998149871826
0.00021679996279999614
0.0001851999550126493
0.00025589996948838234
0.00025969999842345715
0.00026999996043741703
0.0002316000172868371
0.00020189996575936675
0.00024170003598555923
0.00019019999308511615
0.000271500030066818
0.00018129998352378607
0.0002753000007942319
0.00018150004325434566
0.000194900028873235
0.00026130001060664654
0.00019319995772093534
0.0002612000098451972
0.00022710004122927785
0.00021949998335912824
0.00021520000882446766
0.00023519998649135232
0.0002610000083222985
0.00021609995746985078
0.00022050004918128252
0.000222100003156811
0.0002342999796383083
0.0001873000292107463
0.00023300002794712782
0.00019260001135990024
0.00013960001524537802
0.00020559999393299222
0.00023870001314207911
0.00020810001296922565
0.00018939998699352145
0.00017850002041086555
0.00022829999215900898
0.00022300001000985503
0.00017439998919144273
0.00018799997633323073
0.00029669998912140727
0.00028770003700628877
0.00016390002565458417
0.0001832999987527728
0.0002194000408053398
0.00018089998047798872
0.00021199998445808887
0.00018879998242482543
0.0002541000139899552
0.00026080000679939985
0.00020250002853572369
0.00022280000848695636
0.00022549997083842754
0.00016840000171214342
0.00016330002108588815
0.00015879998682066798
0.00015849998453631997
0.00019570003496482968
0.00016330002108588815
0.00017600000137463212
0.00015900004655122757
0.0001716000260785222
0.0001894999877549708
0.00019029999384656549
0.00019920000340789557
0.00019230000907555223
0.00018879998242482543
0.00019079999765381217
0.00015949999215081334
0.0001571999746374786
0.00017670000670477748
0.00018699996871873736
0.0001552999601699412
0.00020599999697878957
0.00015789997996762395
0.0001824999926611781
0.00021759996889159083
0.0001564000267535448
0.00019839999731630087
0.00015310000162571669
0.00018430000636726618
0.0002530999481678009
0.00018430000636726618
0.00015239999629557133
0.00017880002269521356
0.0001647999742999673
0.00014899997040629387
0.00018430000636726618
0.0001539999502710998
0.0001799999736249447
0.00017829996068030596
0.00014849996659904718
0.00017799995839595795
0.0001504000392742455
0.00016499997582286596
0.00017319998005405068
0.00017610000213608146
0.00014349998673424125
0.0001811000402085483
0.00016160000814124942
0.00014630000805482268
0.0001422999775968492
0.00019460002658888698
0.0001753999968059361
0.0001727000344544649
0.00012059998698532581
0.00016950001008808613
0.0001400999608449638
0.00017339998157694936
0.00021849997574463487
0.0001610000035725534
0.00017549999756738544
0.00015239999629557133
0.00015729997539892793
0.00020260002929717302
0.00019789999350905418
0.00014869996812194586
4.0300015825778246e-05
