0.015425099999902159
0.008175800000117306
0.0003695000000334403
0.0004567999999380845
0.0005828000003020861
0.00032349999992220546
0.00024069999972198275
0.00024190000021917513
0.00026170000001002336
0.00038270000004558824
0.000325400000292575
0.00027090000003227033
0.00030209999977159896
0.0002755000000433938
0.00024369999982809532
0.000282599999991362
0.00025920000007317867
0.00024300000040966552
0.00024179999991247314
0.00031399999988934724
0.0002395999999862397
0.00024069999972198275
0.0002539999995860853
0.0002845999997589388
0.0002703000000110478
0.00024059999987002811
0.0003289999999651627
0.00024329999996552942
0.0002558000001045002
0.0002469000000928645
0.0002446999997118837
0.0003586000002542278
0.0002970999998979096
0.00028460000021368614
0.0003258000001551409
0.00031829999988985946
0.00030319999996208935
0.00025450000021010055
0.00026320000006307964
0.00038219999987632036
0.00028710000015053083
0.0002570999999988999
0.00024529999973310623
0.00024749999965933966
0.00033910000001924345
0.0002484999999978754
0.00024359999997614068
0.00024149999990186188
0.00017019999995682156
0.0002586999999039108
0.00028580000025613117
0.0003256999998484389
0.0002569000002949906
0.0003345999998600746
0.0002868000001399196
0.00028310000016062986
0.00029140000015104306
0.000257900000178779
0.000278600000001461
0.00026579999985187897
0.00027099999988422496
0.000272300000233372
0.00029879999965487514
0.00028139999994891696
0.00028019999990647193
0.00025140000025203335
0.00032599999985905015
0.0002662000001691922
0.0002715999999054475
0.0002699000001484819
0.00029949999998279964
0.000257799999872077
0.00014490000012301607
0.00028500000007625204
0.0002540000000408327
0.00027189999991605873
0.0002557000002525456
0.00026579999985187897
0.0002699000001484819
0.0002594999996290426
0.0002532999997129082
0.0002870999996957835
0.00028830000019297586
0.00031300000000555883
0.0002816000001075736
0.00024910000001909793
0.00024619999976494
0.00024699999994481914
0.0002899000000979868
0.0002506000000721542
0.0002710999997361796
0.00029029999996055267
0.00027189999991605873
0.00027289999979984714
0.0002494999998816638
0.0003065999999307678
0.0004021999998258252
0.00026760000037029386
0.00025740000000951113
0.0003062000000682019
0.000246300000071642
0.00024400000029345392
0.00028389999988576164
0.00027189999991605873
0.0002465000002302986
0.00026789999992615776
0.00023599999985890463
0.00023289999990083743
0.00026960000013787067
0.0002355000001443841
0.0002482999998392188
0.0001695000000836444
0.00023770000007061753
0.0002924999998867861
0.0003547999999682361
0.00023869999995440594
0.00027890000001207227
0.00034230000028401264
0.0004401999999572581
0.0003164999998261919
0.00023220000002766028
0.0003225999998903717
0.0002908999999817752
0.00022979999994277023
0.00023259999989022617
0.0002725999997892359
0.00023139999984778115
0.00024759999996604165
0.00027679999993779347
0.0002596999997876992
0.0002895000002354209
0.00025419999974474194
0.00023400000009132782
0.00023390000023937318
0.00023759999976391555
0.0002351000002818182
0.0003234000000702508
0.00023149999969973578
0.0002312999999958265
0.00023019999980533612
0.00025200000027325586
0.00024290000010296353
0.00023210000017570565
0.00023049999981594738
0.0002326999997421808
0.00024410000014540856
0.000357700000222394
0.000268199999936769
0.0002816000001075736
0.0002652999996826111
0.00024020000000746222
0.00023210000017570565
0.0003301000001556531
0.0002650999999787018
0.0002804999999170832
0.0002944000002571556
0.00023920000012367382
0.00028040000006512855
0.000287800000023708
0.00023389999978462583
0.00028810000003431924
0.00023019999980533612
0.00026049999996757833
0.0002829999998539279
0.0002959000003102119
0.0002324000001863169
0.00027969999973720405
0.00026829999978872365
0.000289100000372855
0.00023400000009132782
0.00025740000000951113
0.0002276000000165368
0.0002650999999787018
0.0002314000003025285
0.00025899999991452205
0.00032010000040827435
0.00027890000001207227
0.00034319999986109906
0.00023559999999633874
0.00030419999984587776
0.0002590999997664767
0.0002791000001707289
0.000357700000222394
0.00026750000006359187
0.00028400000019246363
0.00022850000004837057
0.000278600000001461
0.00022230000013223616
0.00022560000024896
0.0002658999997038336
0.00024830000029396615
0.00032150000015462865
0.00023020000026008347
0.00022679999983665766
0.00022590000025957124
0.00022790000002714805
0.00022940000008020434
0.0002637000002323475
0.00028310000016062986
0.0002488000000084867
0.00012789999982487643
0.0002647000001161359
0.0002703000000110478
0.00022990000024947221
0.00026039999966087635
0.00022919999992154771
0.00029169999970690697
0.0002752999998847372
0.00030590000005759066
0.00027399999999033753
0.00027150000005349284
0.0002478999999766529
0.0002814000004036643
0.000330500000018219
0.0002476999998179963
0.00022429999989981297
0.00029140000015104306
0.0002792000000226835
0.00022619999981543515
0.0003899000003002584
0.0002739000001383829
0.00023620000001756125
0.0002803000002131739
0.0002793999997265928
0.00022050000006856862
0.00022360000002663583
0.00024109999958454864
0.00027709999994840473
0.00022500000022773747
0.00021979999974064413
0.00022070000022722525
0.00022330000001602457
0.00027929999987463816
0.000367999999980384
0.00027829999999084976
0.0002251000000796921
0.00021820000029038056
0.00022049999961382127
0.0002598999999463558
0.0002793000003293855
0.00034049999976559775
0.00030590000005759066
0.00032969999983833986
0.0002733000001171604
0.00021670000023732428
0.0002876000003197987
0.0002918999998655636
0.000287800000023708
0.000251399999797286
0.00021530000003622263
0.00035519999983080197
0.0002714000002015382
0.00021870000000490109
0.00028980000024603214
0.00027520000003278255
0.00029629999971803045
0.00023509999982707086
0.00026889999980994617
0.00027730000010706135
0.00029259999973874073
0.00021359999982450972
0.00032349999992220546
0.00020899999981338624
0.0002635000000736909
0.00030929999957152177
0.00023020000026008347
0.0002081999996335071
0.00025450000021010055
0.0002085000000988657
0.00026430000025357003
0.00035659999957715627
0.0002974999997604755
0.0003523000000313914
0.00026979999984177994
0.0004194000002826215
0.0002938000002359331
0.000309800000195537
0.0002262000002701825
0.00026530000013735844
0.00032190000001719454
0.0002223999999841908
0.00023659999988012714
0.00022009999975125538
0.00022869999975227984
0.00025959999993574456
0.00024029999985941686
0.0002199000000473461
0.00025629999981902074
0.00021440000000438886
0.0002443000003040652
0.00020769999991898658
0.00027520000003278255
0.0003216999998585379
0.0003268999998908839
0.00021880000031160307
0.00021760000026915804
0.00021789999982502195
0.0002457000000504195
0.0003183999997418141
0.00021180000021558953
0.00027619999991657096
0.000268300000243471
0.0002949999998236308
0.0002884000000449305
0.0002171999999518448
0.00030910000032235985
0.0002051999999821419
0.00021700000024793553
0.00020760000006703194
0.00024389999998675194
0.00022269999999480206
0.00027709999994840473
0.000278600000001461
0.0003302999998595624
0.00029029999996055267
0.0002798999998958607
0.0002958000000035099
0.00020559999984470778
0.0002142000003004796
0.0002745000001596054
0.0002828000001500186
0.00023740000006000628
0.00021109999988766504
0.00024389999998675194
0.00028539999993881793
0.00019509999992806115
0.000256599999829632
0.00023039999996399274
0.0002567999999882886
0.0003905000003214809
0.0002834000001712411
0.00021849999984624446
0.00025959999993574456
0.00025589999995645485
0.00019879999990735087
0.00018890000001192675
0.00029049999966446194
0.00027460000001156004
0.00021849999984624446
0.00031499999977313564
0.00019609999981184956
0.00019320000001243898
0.0002653999999893131
0.00021879999985685572
0.00018569999974715756
0.00025069999992410885
0.00021340000012060045
0.00018769999996948172
0.00018960000033985125
0.00019119999979011482
0.00033589999975447427
0.00019219999967390322
0.00033119999989139615
0.0004534000004241534
0.0004766000001836801
0.00033179999991261866
0.0004466999998840038
0.00025950000008378993
0.00023530000044047483
0.00030849999984639
0.00033310000026176567
0.0002492000003257999
0.0003139000000373926
0.00025939999977708794
0.0003364999997756968
0.0003063000003749039
0.00031929999977364787
0.00032389999978477135
0.00029500000027837814
0.0003403999999136431
0.0003811000001405773
0.0003351000000293425
0.0003984999998465355
0.0002245000000584696
0.00023150000015448313
0.0001801999997042003
0.00017230000003110035
0.00022949999993215897
0.0002374999999119609
7.259999983943999e-05
0.00020660000018324354
0.00022039999976186664
0.0002113999998982763
0.0002258000004076166
0.0001741000000947679
0.00022690000014335965
0.00022579999995286926
0.0002040999997916515
0.00022709999984726892
0.0002613999999994121
0.00016860000005181064
0.00022699999999531428
0.00025390000018887804
0.00023199999986900366
0.00020479999966482865
0.0002134999999725551
0.00025379999988217605
0.00031519999993179226
0.0002366000003348745
0.00019259999999121646
