0.01557019999017939
0.014384199981577694
0.014411999960429966
0.014991800009738654
0.014817100018262863
0.014315200038254261
0.014707199996337295
0.014252700028009713
0.014217099989764392
0.014997799997217953
0.014313200023025274
0.014599899994209409
0.014152799965813756
0.014326600008644164
0.014310099999420345
0.014249700005166233
0.014139699982479215
0.01456129999132827
0.015452100022230297
0.013972699991427362
0.014360200031660497
0.014796099974773824
0.015115100017283112
0.015411500004120171
0.016115100006572902
0.015731999999843538
0.015502399997785687
0.01557330001378432
0.015479299996513873
0.015772700018715113
0.015597799967508763
0.014923000009730458
0.014995499979704618
0.01488849997986108
0.015131400024984032
0.014654199942015111
0.014216400042641908
0.014481000020168722
0.015331500035244972
0.01480130001436919
0.014749699970707297
0.014241900003980845
0.014507399988360703
0.014473700022790581
0.014455099997576326
0.014571900013834238
0.01455680001527071
0.014627599972300231
0.014553299988619983
0.014744499989319593
0.01503230002708733
0.014482900034636259
0.015389300009701401
0.016111999982967973
0.014986099966336042
0.014965399983339012
0.014956500031985343
0.01502200000686571
0.01600880001205951
0.014850700041279197
0.014773999981116503
0.014325900003314018
0.014104099944233894
0.014385499991476536
0.014695700025185943
0.016046200005803257
0.014635200030170381
0.01458189997356385
0.014692299999296665
0.016218700038734823
0.01501020003343001
0.01493750000372529
0.015011399984359741
0.016012099978979677
0.014724699954967946
0.014628499979153275
0.014306300028692931
0.014410400006454438
0.01450340001611039
0.01445010001771152
0.014382599969394505
0.014666799979750067
0.014281000010669231
0.014347699994686991
0.014698900049552321
0.014397900027688593
0.014388600015081465
0.01435080001829192
0.014224999991711229
0.014447399997152388
0.014482099970337003
0.014713500044308603
0.014545299985911697
0.01418930001091212
0.014254899986553937
0.014586900011636317
0.014352899976074696
0.014305800024885684
0.014283600030466914
0.014059500012081116
0.013892600021790713
0.014105600013863295
0.014267500024288893
0.014525300008244812
0.014247599989175797
0.014390199969056994
0.01497010001912713
0.014797399984672666
0.014339499990455806
0.014123199973255396
0.01437460002489388
0.014234200003556907
0.014124600042123348
0.014133699994999915
0.014255300047807395
0.014338400040287524
0.014742199971806258
0.014775300049223006
0.024338599992915988
0.019225800002459437
0.01485019997926429
0.014574900036677718
0.014610300015192479
0.014043200004380196
0.014166800014209002
0.01446479995502159
0.014234600006602705
0.01456560002407059
0.014062500034924597
0.01397159998305142
0.013773700047750026
0.013984700024593621
0.014590599981602281
0.014111700002104044
0.014665299968328327
0.014101299981120974
0.014205300016328692
0.014309799997135997
0.014040900045074522
0.014974299992900342
0.014701400010380894
0.013892600021790713
0.013887000037357211
0.013938200019765645
0.0142840999760665
0.014069000026211143
0.014139499980956316
0.014484800049103796
0.01407219999236986
0.013971300038974732
0.014061000023502856
0.014002999989315867
0.015121800010092556
0.014958000043407083
0.014093300036620349
0.014936799998395145
0.013973299995996058
0.013935599999967963
0.01393459999235347
0.014369499986059964
0.01390350004658103
0.01409010001225397
0.013777900021523237
0.013882800005376339
0.015496500011067837
0.01492859999416396
0.014897199987899512
