0.015661899999940943
0.01552110000011453
0.01571349999994709
0.015459199999895645
0.015684800000144605
0.015579299999899376
0.014782900000227528
0.014275500000167085
0.014716799999860086
0.014644899999893823
0.01452289999997447
0.01423690000001443
0.014174700000239682
0.01533400000016627
0.01607719999992696
0.02173289999973349
0.015691399999923306
0.025227199999790173
0.04093939999984286
0.014400199999727192
0.014171100000112347
0.014154599999983475
0.014149399999951129
0.014078299999709998
0.01417940000010276
0.014036699999905977
0.014644800000041869
0.014372799999819108
0.01599660000010772
0.014952199999697768
0.015809400000307505
0.01549429999977292
0.015476800000215007
0.014596400000300491
0.014870699999846693
0.014771999999993568
0.014478500000222994
0.01441290000002482
0.014335100000153034
0.014447600000039529
0.014637499999935244
0.014340299999730632
0.0145489000001362
0.014537100000325154
0.014470799999799056
0.014306200000191893
0.014442400000007183
0.014503500000046188
0.0142494000001534
0.014419200000247656
0.014382000000296102
0.014313900000161084
0.014699199999995471
0.014614599999731581
0.014457000000220432
0.01456449999977849
0.014089100000092003
0.014303299999937735
0.014599099999941245
0.014592300000003888
0.014859799999612733
0.014854599999580387
0.014562999999725434
0.01477260000001479
0.014442699999563047
0.014448400000219408
0.014482500000212895
0.014711299999817129
0.01505090000000564
0.01537110000026587
0.015477299999929528
0.01570930000025328
0.01547809999965466
0.015518199999860371
0.015465099999801168
0.015593000000080792
0.015595000000303116
0.015526099999988219
0.01563869999972667
0.015508800000134215
0.01560940000035771
0.015550099999927625
0.01570399999991423
0.01542040000003908
0.015545100000053935
0.015552100000149949
0.015567799999644194
0.015080900000157271
0.015503999999964435
0.01589330000024347
0.015800600000147824
0.015398699999877863
0.0156171000003269
0.020562100000006467
0.021334099999876344
0.016556000000036875
0.015203500000097847
0.015523900000061985
0.015546599999652244
0.015444200000274577
0.015543199999683566
0.015636300000096526
0.01702739999973346
0.014692000000195549
0.014518500000122003
0.015434099999765749
0.015532400000211055
0.015346799999861105
0.015416900000218448
0.015151399999922432
0.015254400000230817
0.01545639999994819
0.015232200000355078
0.015792899999723886
0.015360999999757041
0.01566049999973984
0.01580199999989418
0.014941300000373303
0.015442800000073476
0.01580020000028526
0.01505570000017542
0.015239399999700254
0.015551999999843247
0.015622299999904499
0.015494400000079622
0.015453900000011345
0.015331300000070769
0.01579230000015741
0.01612380000005942
0.015058399999816174
0.01436569999987114
0.014197800000147254
0.0141273999997793
0.015024700000140001
0.014442500000313885
0.013917799999944691
0.01411839999991571
0.014120499999989988
0.014594299999771465
0.014568600000075094
0.014746500000001106
0.014656299999842304
0.01460140000017418
0.014423499999793421
0.014479599999958737
0.014196500000252854
0.01423060000024634
0.014070300000184943
0.014344199999868579
0.01444679999985965
0.014212900000075024
0.01485129999991841
0.01467850000017279
0.015179999999872962
0.015007999999852473
0.014173099999879923
0.015171300000019983
0.015042999999877793
0.02134200000000419
0.030934500000057596
0.017383200000040233
0.015373499999896012
0.014843999999811786
0.014197500000136642
0.014134900000044581
0.013960400000087247
0.014231099999960861
0.015420199999880424
0.014735499999915191
0.015011500000127853
0.014439699999911682
0.015355799999724695
0.014706400000250142
0.01509940000005372
0.01505479999968884
0.014835400000265508
0.01563399999986359
0.014609800000016548
0.014748100000360864
0.015972700000020268
0.014315699999770004
0.015076099999987491
0.01507869999977629
0.01463659999990341
0.014692400000058115
0.01523349999979473
0.015504199999668344
0.01494810000031066
0.014796800000112853
0.014530500000091706
0.01600819999976011
0.01598950000015975
0.014608499999667401
0.014511200000015378
0.014668499999970663
0.014258300000165036
0.015348800000083429
0.015041399999972782
0.01468120000026829
0.014975300000060088
0.014439799999763636
0.01416479999988951
0.014560600000095292
0.014041200000065146
0.01404709999997067
0.01471159999982774
0.014190200000030018
0.014367599999786762
0.01454429999967033
0.01433530000031169
0.014184300000124495
0.014088800000081392
0.014275399999860383
0.014199400000052265
0.014827400000285706
0.015813600000001315
0.01599690000011833
0.014928500000223721
0.015007500000137952
0.01496850000012273
0.016864799999893876
0.014416500000152155
0.014020500000242464
0.014139299999897048
0.014096299999891926
0.014281799999935174
0.014325099999950908
0.015114400000129535
0.014806300000145711
0.0162731000000349
0.024155200000222976
0.02030560000002879
0.014818399999967369
0.014013999999860971
0.014030199999979232
0.014959100000396575
0.014169000000038068
0.014268700000229728
0.014184999999997672
0.014619500000208063
0.01579970000011599
0.014531799999986106
0.014384699999936856
0.014548399999966932
0.014825300000211428
0.014730599999893457
0.015779900000325142
0.015335399999912624
0.014642800000274292
0.014679899999919144
0.015564499999982218
0.014520599999741535
0.015098700000180543
0.014751600000181497
0.013891399999920395
0.014735600000221893
0.014403799999854527
0.015221699999983684
0.015499300000101357
0.015003500000148051
0.014704300000175863
0.015012899999874207
0.015011599999979808
0.014766400000098656
0.014945299999908457
0.01436680000006163
0.015365099999598897
0.014864300000226649
0.014721700000336568
0.014172999999573221
0.014781800000037038
0.01539409999986674
0.015482499999961874
0.014801700000134588
0.014261499999975058
0.014427900000100635
0.014739499999905092
0.014797400000134076
0.01510469999993802
0.015371999999842956
0.015616800000316289
0.014440599999943515
0.014227199999822915
0.01509040000019013
0.015224099999613827
0.015197600000192324
0.01506070000004911
0.015288699999928212
0.015003600000000006
0.015383899999960704
0.015233600000101433
0.015146299999742041
0.01543870000023162
0.015175300000009884
0.015394300000025396
0.015229099999942264
0.014636299999892799
0.01509570000007443
0.015025300000161224
0.014738399999714602
0.014745500000117318
0.015417200000229059
0.01519209999969462
0.01518450000003213
0.015641299999970215
0.01590699999997014
0.020497399999840127
0.019850700000006327
0.015075400000114314
0.015628900000137946
0.01684979999981806
0.014497800000299321
0.014246799999909854
0.01429069999994681
0.014625600000272243
0.01463740000008329
0.01427609999973356
0.014272300000357063
0.01455519999990429
0.014343700000154058
0.01435890000038853
0.01419800000030591
0.014315000000351574
0.014518200000111392
0.014517200000227604
0.014368899999681162
0.0145052000002579
0.014851400000225112
0.0147237999999561
0.014372600000115199
0.01455900000019028
0.014887099999668862
0.014461100000062288
0.014292400000158523
0.014568799999779003
0.01439059999984238
0.014415099999951053
0.014550100000178645
0.014553399999840622
0.014499899999918853
0.014514899999994668
0.014495800000076997
0.01492759999973714
0.014770400000088557
0.014632500000061555
0.014464200000020355
0.014381999999841355
0.014364900000146008
0.014263499999742635
0.014002800000071147
0.013978600000427832
0.015150700000049255
0.014860599999792612
0.014564699999937147
0.014715699999669596
0.014613899999858404
0.014270499999838648
0.014016799999808427
0.01478110000016386
0.01420060000009471
0.014807099999870843
0.013926999999966938
0.013759800000116229
0.014067799999793351
0.013888999999835505
0.014067100000374921
0.014543100000082632
0.014426100000036968
0.014451300000018819
0.01614679999966029
0.014668400000118709
0.015267899999798829
0.014504199999919365
0.014159100000142644
0.014119200000095589
0.014232300000003306
0.014062100000046485
0.013865099999748054
0.014015400000062073
0.013937100000021019
0.013893299999836017
0.013782499999706488
0.014315600000372797
0.019842599999719823
0.022705999999743653
0.017614299999877403
0.014999900000020716
0.014299399999799789
0.014615300000059506
0.014183799999955227
0.014229800000066462
0.013858799999979965
0.014539600000261999
0.014949699999760924
0.01507739999988189
0.015318700000079843
0.01550889999998617
0.015495600000122067
0.01466549999986455
0.014253800000005867
