1   120 131
2   120 131
3   120 131
4   120 131
5   120 131
6   120 131
7   120 131
8   120 131
9   120 131
10  120 131
11  120 151
12  120 131
11  120 131
13  120 131
14  120 131
15  120 131
16  120 131
17  120 131
18  120 131
19  120 131
20  121 131
21  121 151
22  121 151
23  121 151
24  121 151
25  121 151
26  121 151
27  121 151
28  121 151
29  121 151
30  108 151
31  108 200
32  108 200
33  108 200
34  108 200
35  108 200
36  108 200
37  108 200
38  108 200
39  108 200
40  128 200
41  128 204
42  128 204
43  128 204
44  128 204
45  128 204
46  128 204
47  128 204
48  128 204
49  128 204
50  126 204
51  126 200
52  126 200
53  126 200
54  126 200
55  126 200
56  126 200
57  126 200
58  126 200
59  126 200
60  123 200
61  123 196
62  123 196
63  123 196
64  123 196
65  123 196
66  123 196
67  123 196
68  123 196
69  123 196
70  125 196
71  125 196
72  125 196
73  125 196
74  125 196
75  125 196
76  125 196
77  125 196
78  125 196
79  125 196
80  128 196
81  128 181
82  128 181
83  128 181
84  128 181
85  128 181
86  128 181
87  128 181
88  128 181
89  128 181
90  123 181
91  123 192
92  123 192
93  123 192
94  123 192
95  123 192
96  123 192
97  123 192
98  123 192
99  123 192
100 129 192
101 129 200
102 129 200
103 129 200
104 129 200
105 129 200
106 129 200
107 129 200
108 129 200
109 129 200
110 128 200
111 128 212
112 128 212
113 128 212
114 128 212
115 128 212
116 128 212
117 128 212
118 128 212
119 128 212
120 128 212
121 128 227
122 128 227
123 128 227
124 128 227
125 128 227
126 128 227
127 128 227
128 128 227
129 128 227
130 126 227
131 126 200
132 126 200
133 126 200
134 126 200
135 126 200
136 126 200
137 126 200
138 126 200
139 126 200
140 129 200
141 129 200
142 129 200
143 129 200
144 129 200
145 129 200
146 129 200
147 129 200
148 129 200
149 129 200
150 131 200
151 131 192
152 131 192
153 131 192
154 131 192
155 131 192
156 131 192
157 131 192
158 131 192
159 131 192
160 128 192
161 128 200
162 128 200
163 128 200
164 128 200
165 128 200
166 128 200
167 128 200
168 128 200
169 128 200
170 129 200
171 129 178
172 129 178
173 129 178
174 129 178
175 129 178
176 129 178
177 129 178
178 129 178
179 129 178
180 129 178
181 129 178
182 129 178
183 129 178
184 129 178
185 129 178
186 129 178
187 129 178
188 129 178
189 129 178
190 129 178
191 129 196
192 129 196
193 129 196
194 129 196
195 129 196
196 129 196
197 129 196
198 129 196
199 129 196
200 129 196
201 129 232
202 129 232
203 129 232
204 129 232
205 129 232
206 129 232
207 129 232
208 129 232
209 129 232
210 125 232
211 125 200
212 125 200
213 125 200
214 125 200
215 125 200
216 125 200
217 125 200
218 125 200
219 125 200
220 128 200
221 128 208
222 128 208
223 128 208
224 128 208
225 128 208
226 128 208
227 128 208
228 128 208
229 128 208
230 128 208
231 128 200
232 128 200
233 128 200
234 128 200
235 128 200
236 128 200
237 128 200
238 128 200
239 128 200
240 126 200
241 126 217
242 126 217
243 126 217
244 126 217
245 126 217
246 126 217
247 126 217
248 126 217
249 126 217
250 126 217
251 126 200
252 126 200
253 126 200
254 126 200
255 126 200
256 126 200
257 126 200
258 126 200
259 126 200
260 123 200
261 123 185
262 123 185
263 123 185
264 123 185
265 123 185
266 123 185
267 123 185
268 123 185
269 123 185
270 123 185
271 123 172
272 123 172
273 123 172
274 123 172
275 123 172
276 123 172
277 123 172
278 123 172
279 123 172
280 123 172
281 123 181
282 123 181
283 123 181
284 123 181
285 123 181
286 123 181
287 123 181
288 123 181
289 123 181
290 121 181
291 121 212
292 121 212
293 121 212
294 121 212
295 121 212
296 121 212
297 121 212
298 121 212
299 121 212
300 123 212
301 123 200
302 123 200
303 123 200
304 123 200
305 123 200
306 123 200
307 123 200
308 123 200
309 123 200
310 121 200
311 121 204
312 121 204
313 121 204
314 121 204
315 121 204
316 121 204
317 121 204
318 121 204
319 121 204
320 129 204
321 129 192
322 129 192
323 129 192
324 129 192
325 129 192
326 129 192
327 129 192
328 129 192
329 129 192
330 125 192
331 125 151
332 125 151
333 125 151
334 125 151
335 125 151
336 125 151
337 125 151
338 125 151
339 125 151
340 125 151
341 125 151
342 125 151
343 125 151
344 125 151
345 125 151
346 125 151
347 125 151
348 125 151
349 125 151
350 125 151
351 125 204
352 125 204
353 125 204
354 125 204
355 125 204
356 125 204
357 125 204
358 125 204
359 125 204
360 126 204
361 126 196
362 126 196
363 126 196
364 126 196
365 126 196
366 126 196
367 126 196
368 126 196
369 126 196
370 126 196
371 126 208
372 126 208
373 126 208
374 126 208
375 126 208
376 126 208
377 126 208
378 126 208
379 126 208
380 131 208
381 131 222
382 131 222
383 131 222
384 131 222
385 131 222
386 131 222
387 131 222
388 131 222
389 131 222
390 128 222
391 128 208
392 128 208
393 128 208
394 128 208
395 128 208
396 128 208
397 128 208
398 128 208
399 128 208
400 131 208
401 131 204
402 131 204
403 131 204
404 131 204
405 131 204
406 131 204
407 131 204
408 131 204
409 131 204
410 129 204
411 129 185
412 129 185
413 129 185
414 129 185
415 129 185
416 129 185
417 129 185
418 129 185
419 129 185
420 129 185
421 129 204
422 129 204
423 129 204
424 129 204
425 129 204
426 129 204
427 129 204
428 129 204
429 129 204
430 131 204
431 131 204
432 131 204
433 131 204
434 131 204
435 131 204
436 131 204
437 131 204
438 131 204
439 131 204
440 128 204
441 128 232
442 128 232
443 128 232
444 128 232
445 128 232
446 128 232
447 128 232
448 128 232
449 128 232
450 129 232
451 129 181
452 129 181
453 129 181
454 129 181
455 129 181
456 129 181
457 129 181
458 129 181
459 129 181
460 131 181
461 131 222
462 131 222
463 131 222
464 131 222
465 131 222
466 131 222
467 131 222
468 131 222
469 131 222
470 131 222
471 131 204
472 131 204
473 131 204
474 131 204
475 131 204
476 131 204
477 131 204
478 131 204
479 131 204
480 129 204
481 129 200
482 129 200
483 129 200
484 129 200
485 129 200
486 129 200
487 129 200
488 129 200
489 129 200
490 129 200
491 129 204
492 129 204
493 129 204
494 129 204
495 129 204
496 129 204
497 129 204
498 129 204
499 129 204
500 126 204
501 126 204
502 126 204
503 126 204
504 126 204
505 126 204
506 126 204
507 126 204
508 126 204
509 126 204
510 128 204
511 128 227
512 128 227
513 128 227
514 128 227
515 128 227
516 128 227
517 128 227
518 128 227
519 128 227
520 131 227
521 131 172
522 131 172
523 131 172
524 131 172
525 131 172
526 131 172
527 131 172
528 131 172
529 131 172
530 129 172
531 129 196
532 129 196
533 129 196
534 129 196
535 129 196
536 129 196
537 129 196
538 129 196
539 129 196
540 129 196
541 129 192
542 129 192
543 129 192
544 129 192
545 129 192
546 129 192
547 129 192
548 129 192
549 129 192
550 131 192
551 131 163
552 131 163
553 131 163
554 131 163
555 131 163
556 131 163
557 131 163
558 131 163
559 131 163
560 131 163
561 131 227
562 131 227
563 131 227
564 131 227
565 131 227
566 131 227
567 131 227
568 131 227
569 131 227
570 128 227
571 128 208
572 128 208
573 128 208
574 128 208
575 128 208
576 128 208
577 128 208
578 128 208
579 128 208
580 128 208
581 128 200
582 128 200
583 128 200
584 128 200
585 128 200
586 128 200
587 128 200
588 128 200
589 128 200
590 131 200
591 131 222
592 131 222
593 131 222
594 131 222
595 131 222
596 131 222
597 131 222
598 131 222
599 131 222
600 123 222
