12   500         714
11   500         714
13   500         714
14   500         714
15   500         714
16   500         714
17   500         714
18   500         714
19   500         714
20   500         714
21   555         526
22   555         526
23   555         526
24   555         526
25   555         526
26   555         526
27   555         526
28   555         526
29   555         526
30   555         526
31   400         500
32   400         500
33   400         500
34   400         500
35   400         500
36   400         500
37   400         500
38   400         500
39   400         500
40   400         500
41   555         769
42   555         769
43   555         769
44   555         769
45   555         769
46   555         769
47   555         769
48   555         769
49   555         769
50   555         769
51   454         666
52   454         666
53   454         666
54   454         666
55   454         666
56   454         666
57   454         666
58   454         666
59   454         666
60   454         666
61   526         666
62   526         666
63   526         666
64   526         666
65   526         666
66   526         666
67   526         666
68   526         666
69   526         666
70   526         666
71   476         714
72   476         714
73   476         714
74   476         714
75   476         714
76   476         714
77   476         714
78   476         714
79   476         714
80   476         714
81   588         714
82   588         714
83   588         714
84   588         714
85   588         714
86   588         714
87   588         714
88   588         714
89   588         714
90   588         714
91   434         833
92   434         833
93   434         833
94   434         833
95   434         833
96   434         833
97   434         833
98   434         833
99   434         833
100   434        833
101   588        434
102   588        434
103   588        434
104   588        434
105   588        434
106   588        434
107   588        434
108   588        434
109   588        434
110   588        434
111   555        555
112   555        555
113   555        555
114   555        555
115   555        555
116   555        555
117   555        555
118   555        555
119   555        555
120   555        555
121   476        666
122   476        666
123   476        666
124   476        666
125   476        666
126   476        666
127   476        666
128   476        666
129   476        666
130   476        666
131   555        625
132   555        625
133   555        625
134   555        625
135   555        625
136   555        625
137   555        625
138   555        625
139   555        625
140   555        625
141   588        714
142   588        714
143   588        714
144   588        714
145   588        714
146   588        714
147   588        714
148   588        714
149   588        714
150   588        714
151   555        833
152   555        833
153   555        833
154   555        833
155   555        833
156   555        833
157   555        833
158   555        833
159   555        833
160   555        833
161   476        666
162   476        666
163   476        666
164   476        666
165   476        666
166   476        666
167   476        666
168   476        666
169   476        666
170   476        666
171   416        769
172   416        769
173   416        769
174   416        769
175   416        769
176   416        769
177   416        769
178   416        769
179   416        769
180   416        769
181   500        666
182   500        666
183   500        666
184   500        666
185   500        666
186   500        666
187   500        666
188   500        666
189   500        666
190   500        666
191   476        714
192   476        714
193   476        714
194   476        714
195   476        714
196   476        714
197   476        714
198   476        714
199   476        714
200   476        714
201   555        714
202   555        714
203   555        714
204   555        714
205   555        714
206   555        714
207   555        714
208   555        714
209   555        714
210   555        714
211   434        769
212   434        769
213   434        769
214   434        769
215   434        769
216   434        769
217   434        769
218   434        769
219   434        769
220   434        769
221   500        833
222   500        833
223   500        833
224   500        833
225   500        833
226   500        833
227   500        833
228   500        833
229   500        833
230   500        833
231   500        625
232   500        625
233   500        625
234   500        625
235   500        625
236   500        625
237   500        625
238   500        625
239   500        625
240   500        625
241   454        769
242   454        769
243   454        769
244   454        769
245   454        769
246   454        769
247   454        769
248   454        769
249   454        769
250   454        769
251   476        666
252   476        666
253   476        666
254   476        666
255   476        666
256   476        666
257   476        666
258   476        666
259   476        666
260   476        666
261   500        714
262   500        714
263   500        714
264   500        714
265   500        714
266   500        714
267   500        714
268   500        714
269   500        714
270   500        714
271   500        909
272   500        909
273   500        909
274   500        909
275   500        909
276   500        909
277   500        909
278   500        909
279   500        909
280   500        909
281   476        384
282   476        384
283   476        384
284   476        384
285   476        384
286   476        384
287   476        384
288   476        384
289   476        384
290   476        384
291   454        625
292   454        625
293   454        625
294   454        625
295   454        625
296   454        625
297   454        625
298   454        625
299   454        625
300   454        625
301   500        714
302   500        714
303   500        714
304   500        714
305   500        714
306   500        714
307   500        714
308   500        714
309   500        714
310   500        714
311   500        769
312   500        769
313   500        769
314   500        769
315   500        769
316   500        769
317   500        769
318   500        769
319   500        769
320   500        769
321   476        769
322   476        769
323   476        769
324   476        769
325   476        769
326   476        769
327   476        769
328   476        769
329   476        769
330   476        769
331   434        666
332   434        666
333   434        666
334   434        666
335   434        666
336   434        666
337   434        666
338   434        666
339   434        666
340   434        666
341   500        588
342   500        588
343   500        588
344   500        588
345   500        588
346   500        588
347   500        588
348   500        588
349   500        588
350   500        588
351   526        833
352   526        833
353   526        833
354   526        833
355   526        833
356   526        833
357   526        833
358   526        833
359   526        833
360   526        833
361   500        769
362   500        769
363   500        769
364   500        769
365   500        769
366   500        769
367   500        769
368   500        769
369   500        769
370   500        769
371   416        769
372   416        769
373   416        769
374   416        769
375   416        769
376   416        769
377   416        769
378   416        769
379   416        769
380   416        769
381   500        714
382   500        714
383   500        714
384   500        714
385   500        714
386   500        714
387   500        714
388   500        714
389   500        714
390   500        714
391   500        666
392   500        666
393   500        666
394   500        666
395   500        666
396   500        666
397   500        666
398   500        666
399   500        666
400   500        666
401   454        833
402   454        833
403   454        833
404   454        833
405   454        833
406   454        833
407   454        833
408   454        833
409   454        833
410   454        833
411   476        625
412   476        625
413   476        625
414   476        625
415   476        625
416   476        625
417   476        625
418   476        625
419   476        625
420   476        625
421   500        769
422   500        769
423   500        769
424   500        769
425   500        769
426   500        769
427   500        769
428   500        769
429   500        769
430   500        769
431   500        833
432   500        833
433   500        833
434   500        833
435   500        833
436   500        833
437   500        833
438   500        833
439   500        833
440   500        833
441   500        625
442   500        625
443   500        625
444   500        625
445   500        625
446   500        625
447   500        625
448   500        625
449   500        625
450   500        625
451   416        833
452   416        833
453   416        833
454   416        833
455   416        833
456   416        833
457   416        833
458   416        833
459   416        833
460   416        833
461   500        625
462   500        625
463   500        625
464   500        625
465   500        625
466   500        625
467   500        625
468   500        625
469   500        625
470   500        625
471   500        714
472   500        714
473   500        714
474   500        714
475   500        714
476   500        714
477   500        714
478   500        714
479   500        714
480   500        714
481   500        714
482   500        714
483   500        714
484   500        714
485   500        714
486   500        714
487   500        714
488   500        714
489   500        714
490   500        714
491   416        833
492   416        833
493   416        833
494   416        833
495   416        833
496   416        833
497   416        833
498   416        833
499   416        833
500   416        833
501   526        666
502   526        666
503   526        666
504   526        666
505   526        666
506   526        666
507   526        666
508   526        666
509   526        666
510   526        666
511   476        714
512   476        714
513   476        714
514   476        714
515   476        714
516   476        714
517   476        714
518   476        714
519   476        714
520   476        714
521   588        769
522   588        769
523   588        769
524   588        769
525   588        769
526   588        769
527   588        769
528   588        769
529   588        769
530   588        769
531   588        769
532   588        769
533   588        769
534   588        769
535   588        769
536   588        769
537   588        769
538   588        769
539   588        769
540   588        769
541   526        833
542   526        833
543   526        833
544   526        833
545   526        833
546   526        833
547   526        833
548   526        833
549   526        833
550   526        833
551   555        625
552   555        625
553   555        625
554   555        625
555   555        625
556   555        625
557   555        625
558   555        625
559   555        625
560   555        625
561   588        714
562   588        714
563   588        714
564   588        714
565   588        714
566   588        714
567   588        714
568   588        714
569   588        714
570   588        714
571   476        714
572   476        714
573   476        714
574   476        714
575   476        714
576   476        714
577   476        714
578   476        714
579   476        714
580   476        714
581   500        769
582   500        769
583   500        769
584   500        769
585   500        769
586   500        769
587   500        769
588   500        769
589   500        769
590   500        769
591   500        769
592   500        769
593   500        769
594   500        769
595   500        769
596   500        769
597   500        769
598   500        769
599   500        769
600   500        769
601   500        833
602   500        833
603   500        833
604   500        833
605   500        833
606   500        833
607   500        833
608   500        833
609   500        833
610   500        833
611   434        833
612   434        833
613   434        833
614   434        833
615   434        833
616   434        833
617   434        833
618   434        833
619   434        833
620   434        833
621   500        714
622   500        714
623   500        714
624   500        714
625   500        714
626   500        714
627   500        714
628   500        714
629   500        714
630   500        714
631   500        666
632   500        666
633   500        666
634   500        666
635   500        666
636   500        666
637   500        666
638   500        666
639   500        666
640   500        666
641   476        666
642   476        666
643   476        666
644   476        666
645   476        666
646   476        666
647   476        666
648   476        666
649   476        666
650   476        666
651   416        769
652   416        769
653   416        769
654   416        769
655   416        769
656   416        769
657   416        769
658   416        769
659   416        769
660   416        769
661   500        833
662   500        833
663   500        833
664   500        833
665   500        833
666   500        833
667   500        833
668   500        833
669   500        833
670   500        833
671   500        769
672   500        769
673   500        769
674   500        769
675   500        769
676   500        769
677   500        769
678   500        769
679   500        769
680   500        769
681   526        714
682   526        714
683   526        714
684   526        714
685   526        714
686   526        714
687   526        714
688   526        714
689   526        714
690   526        714
691   434        555
692   434        555
693   434        555
694   434        555
695   434        555
696   434        555
697   434        555
698   434        555
699   434        555
700   434        555
701   476        769
702   476        769
703   476        769
704   476        769
705   476        769
706   476        769
707   476        769
708   476        769
709   476        769
710   476        769
711   500        769
712   500        769
713   500        769
714   500        769
715   500        769
716   500        769
717   500        769
718   500        769
719   500        769
720   500        769
721   526        833
722   526        833
723   526        833
724   526        833
725   526        833
726   526        833
727   526        833
728   526        833
729   526        833
730   526        833
731   454        769
732   454        769
733   454        769
734   454        769
735   454        769
736   454        769
737   454        769
738   454        769
739   454        769
740   454        769
741   588        833
742   588        833
743   588        833
744   588        833
745   588        833
746   588        833
747   588        833
748   588        833
749   588        833
750   588        833
751   555        769
752   555        769
753   555        769
754   555        769
755   555        769
756   555        769
757   555        769
758   555        769
759   555        769
760   555        769
761   500        714
762   500        714
763   500        714
764   500        714
765   500        714
766   500        714
767   500        714
768   500        714
769   500        714
770   500        714
771   526        714
772   526        714
773   526        714
774   526        714
775   526        714
776   526        714
777   526        714
778   526        714
779   526        714
780   526        714
781   476        769
782   476        769
783   476        769
784   476        769
785   476        769
786   476        769
787   476        769
788   476        769
789   476        769
790   476        769
791   434        833
792   434        833
793   434        833
794   434        833
795   434        833
796   434        833
797   434        833
798   434        833
799   434        833
800   434        833
801   500        833
802   500        833
803   500        833
804   500        833
805   500        833
806   500        833
807   500        833
808   500        833
809   500        833
810   500        833
811   476        833
812   476        833
813   476        833
814   476        833
815   476        833
816   476        833
817   476        833
818   476        833
819   476        833
820   476        833
821   500        833
822   500        833
823   500        833
824   500        833
825   500        833
826   500        833
827   500        833
828   500        833
829   500        833
830   500        833
831   434        833
832   434        833
833   434        833
834   434        833
835   434        833
836   434        833
837   434        833
838   434        833
839   434        833
840   434        833
841   526        833
842   526        833
843   526        833
844   526        833
845   526        833
846   526        833
847   526        833
848   526        833
849   526        833
850   526        833
851   500        714
852   500        714
853   500        714
854   500        714
855   500        714
856   500        714
857   500        714
858   500        714
859   500        714
860   500        714
861   476        769
862   476        769
863   476        769
864   476        769
865   476        769
866   476        769
867   476        769
868   476        769
869   476        769
870   476        769
871   434        833
872   434        833
873   434        833
874   434        833
875   434        833
876   434        833
877   434        833
878   434        833
879   434        833
880   434        833
881   476        833
882   476        833
883   476        833
884   476        833
885   476        833
886   476        833
887   476        833
888   476        833
889   476        833
890   476        833
891   526        714
892   526        714
893   526        714
894   526        714
895   526        714
896   526        714
897   526        714
898   526        714
899   526        714
900   526        714
901   476        833
902   476        833
903   476        833
904   476        833
905   476        833
906   476        833
907   476        833
908   476        833
909   476        833
910   476        833
911   454        909
912   454        909
913   454        909
914   454        909
915   454        909
916   454        909
917   454        909
918   454        909
919   454        909
920   454        909
921   500        769
922   500        769
923   500        769
924   500        769
925   500        769
926   500        769
927   500        769
928   500        769
929   500        769
930   500        769
931   476        666
932   476        666
933   476        666
934   476        666
935   476        666
936   476        666
937   476        666
938   476        666
939   476        666
940   476        666
941   526        714
942   526        714
943   526        714
944   526        714
945   526        714
946   526        714
947   526        714
948   526        714
949   526        714
950   526        714
951   434        833
952   434        833
953   434        833
954   434        833
955   434        833
956   434        833
957   434        833
958   434        833
959   434        833
960   434        833
961   454        769
962   454        769
963   454        769
964   454        769
965   454        769
966   454        769
967   454        769
968   454        769
969   454        769
970   454        769
971   555        833
972   555        833
973   555        833
974   555        833
975   555        833
976   555        833
977   555        833
978   555        833
979   555        833
980   555        833
981   476        833
982   476        833
983   476        833
984   476        833
985   476        833
986   476        833
987   476        833
988   476        833
989   476        833
990   476        833
991   434        833
992   434        833
993   434        833
994   434        833
995   434        833
996   434        833
997   434        833
998   434        833
999   434        833
1000   434       833
1001   526       833
1002   526       833
1003   526       833
1004   526       833
1005   526       833
1006   526       833
1007   526       833
1008   526       833
1009   526       833
1010   526       833
1011   476       833
1012   476       833
1013   476       833
1014   476       833
1015   476       833
1016   476       833
1017   476       833
1018   476       833
1019   476       833
1020   476       833
1021   476       714
1022   476       714
1023   476       714
1024   476       714
1025   476       714
1026   476       714
1027   476       714
1028   476       714
1029   476       714
1030   476       714
1031   555       909
1032   555       909
1033   555       909
1034   555       909
1035   555       909
1036   555       909
1037   555       909
1038   555       909
1039   555       909
1040   555       909
1041   588       833
1042   588       833
1043   588       833
1044   588       833
1045   588       833
1046   588       833
1047   588       833
1048   588       833
1049   588       833
1050   588       833
1051   500       833
1052   500       833
1053   500       833
1054   500       833
1055   500       833
1056   500       833
1057   500       833
1058   500       833
1059   500       833
1060   500       833
1061   500       833
1062   500       833
1063   500       833
1064   500       833
1065   500       833
1066   500       833
1067   500       833
1068   500       833
1069   500       833
1070   500       833
1071   476       769
1072   476       769
1073   476       769
1074   476       769
1075   476       769
1076   476       769
1077   476       769
1078   476       769
1079   476       769
1080   476       769
1081   555       909
1082   555       909
1083   555       909
1084   555       909
1085   555       909
1086   555       909
1087   555       909
1088   555       909
1089   555       909
1090   555       909
1091   625       833
1092   625       833
1093   625       833
1094   625       833
1095   625       833
1096   625       833
1097   625       833
1098   625       833
1099   625       833
1100   625       833
1101   588       833
1102   588       833
1103   588       833
1104   588       833
1105   588       833
1106   588       833
1107   588       833
1108   588       833
1109   588       833
1110   588       833
1111   588       833
1112   588       833
1113   588       833
1114   588       833
1115   588       833
1116   588       833
1117   588       833
1118   588       833
1119   588       833
1120   588       833
1121   588       714
1122   588       714
1123   588       714
1124   588       714
1125   588       714
1126   588       714
1127   588       714
1128   588       714
1129   588       714
1130   588       714
1131   400       769
1132   400       769
1133   400       769
1134   400       769
1135   400       769
1136   400       769
1137   400       769
1138   400       769
1139   400       769
1140   400       769
1141   476       769
1142   476       769
1143   476       769
1144   476       769
1145   476       769
1146   476       769
1147   476       769
1148   476       769
1149   476       769
1150   476       769
1151   526       625
1152   526       625
1153   526       625
1154   526       625
1155   526       625
1156   526       625
1157   526       625
1158   526       625
1159   526       625
1160   526       625
1161   476       526
1162   476       526
1163   476       526
1164   476       526
1165   476       526
1166   476       526
1167   476       526
1168   476       526
1169   476       526
1170   476       526
1171   454       588
1172   454       588
1173   454       588
1174   454       588
1175   454       588
1176   454       588
1177   454       588
1178   454       588
1179   454       588
1180   454       588
1181   500       625
1182   500       625
1183   500       625
1184   500       625
1185   500       625
1186   500       625
1187   500       625
1188   500       625
1189   500       625
1190   500       625
1191   500       666
1192   500       666
1193   500       666
1194   500       666
1195   500       666
1196   500       666
1197   500       666
1198   500       666
1199   500       666
1200   500       666
1201   500       625
1202   500       625
1203   500       625
1204   500       625
1205   500       625
1206   500       625
1207   500       625
1208   500       625
1209   500       625
1210   500       625
1211   434       625
1212   434       625
1213   434       625
1214   434       625
1215   434       625
1216   434       625
1217   434       625
1218   434       625
1219   434       625
1220   434       625
1221   500       588
1222   500       588
1223   500       588
1224   500       588
1225   500       588
1226   500       588
1227   500       588
1228   500       588
1229   500       588
1230   500       588
1231   500       625
1232   500       625
1233   500       625
1234   500       625
1235   500       625
1236   500       625
1237   500       625
1238   500       625
1239   500       625
1240   500       625
1241   500       666
1242   500       666
1243   500       666
1244   500       666
1245   500       666
1246   500       666
1247   500       666
1248   500       666
1249   500       666
1250   500       666
1251   434       625
1252   434       625
1253   434       625
1254   434       625
1255   434       625
1256   434       625
1257   434       625
1258   434       625
1259   434       625
1260   434       625
1261   500       769
1262   500       769
1263   500       769
1264   500       769
1265   500       769
1266   500       769
1267   500       769
1268   500       769
1269   500       769
1270   500       769
1271   500       769
1272   500       769
1273   500       769
1274   500       769
1275   500       769
1276   500       769
1277   500       769
1278   500       769
1279   500       769
1280   500       769
1281   500       769
1282   500       769
1283   500       769
1284   500       769
1285   500       769
1286   500       769
1287   500       769
1288   500       769
1289   500       769
1290   500       769
1291   416       769
1292   416       769
1293   416       769
1294   416       769
1295   416       769
1296   416       769
1297   416       769
1298   416       769
1299   416       769
1300   416       769
1301   500       769
1302   500       769
1303   500       769
1304   500       769
1305   500       769
1306   500       769
1307   500       769
1308   500       769
1309   500       769
1310   500       769
1311   526       769
1312   526       769
1313   526       769
1314   526       769
1315   526       769
1316   526       769
1317   526       769
1318   526       769
1319   526       769
1320   526       769
1321   476       769
1322   476       769
1323   476       769
1324   476       769
1325   476       769
1326   476       769
1327   476       769
1328   476       769
1329   476       769
1330   476       769
1331   434       769
1332   434       769
1333   434       769
1334   434       769
1335   434       769
1336   434       769
1337   434       769
1338   434       769
1339   434       769
1340   434       769
1341   500       666
1342   500       666
1343   500       666
1344   500       666
1345   500       666
1346   500       666
1347   500       666
1348   500       666
1349   500       666
1350   500       666
1351   500       588
1352   500       588
1353   500       588
1354   500       588
1355   500       588
1356   500       588
1357   500       588
1358   500       588
1359   500       588
1360   500       588
1361   500       714
1362   500       714
1363   500       714
1364   500       714
1365   500       714
1366   500       714
1367   500       714
1368   500       714
1369   500       714
1370   500       714
1371   434       476
1372   434       476
1373   434       476
1374   434       476
1375   434       476
1376   434       476
1377   434       476
1378   434       476
1379   434       476
1380   434       476
1381   500       833
1382   500       833
1383   500       833
1384   500       833
1385   500       833
1386   500       833
1387   500       833
1388   500       833
1389   500       833
1390   500       833
1391   500       833
1392   500       833
1393   500       833
1394   500       833
1395   500       833
1396   500       833
1397   500       833
1398   500       833
1399   500       833
1400   500       833
1401   476       833
1402   476       833
1403   476       833
1404   476       833
1405   476       833
1406   476       833
1407   476       833
1408   476       833
1409   476       833
1410   476       833
1411   434       714
1412   434       714
1413   434       714
1414   434       714
1415   434       714
1416   434       714
1417   434       714
1418   434       714
1419   434       714
1420   434       714
1421   526       833
1422   526       833
1423   526       833
1424   526       833
1425   526       833
1426   526       833
1427   526       833
1428   526       833
1429   526       833
1430   526       833
1431   476       833
1432   476       833
1433   476       833
1434   476       833
1435   476       833
1436   476       833
1437   476       833
1438   476       833
1439   476       833
1440   476       833
1441   526       833
1442   526       833
1443   526       833
1444   526       833
1445   526       833
1446   526       833
1447   526       833
1448   526       833
1449   526       833
1450   526       833
1451   434       769
1452   434       769
1453   434       769
1454   434       769
1455   434       769
1456   434       769
1457   434       769
1458   434       769
1459   434       769
1460   434       769
1461   454       833
1462   454       833
1463   454       833
1464   454       833
1465   454       833
1466   454       833
1467   454       833
1468   454       833
1469   454       833
1470   454       833
1471   500       769
1472   500       769
1473   500       769
1474   500       769
1475   500       769
1476   500       769
1477   500       769
1478   500       769
1479   500       769
1480   500       769
1481   500       769
1482   500       769
1483   500       769
1484   500       769
1485   500       769
1486   500       769
1487   500       769
1488   500       769
1489   500       769
1490   500       769
1491   454       666
1492   454       666
1493   454       666
1494   454       666
1495   454       666
1496   454       666
1497   454       666
1498   454       666
1499   454       666
1500   454       666
1501   476       666
1502   476       666
1503   476       666
1504   476       666
1505   476       666
1506   476       666
1507   476       666
1508   476       666
1509   476       666
1510   476       666
1511   526       666
1512   526       666
1513   526       666
1514   526       666
1515   526       666
1516   526       666
1517   526       666
1518   526       666
1519   526       666
1520   526       666
1521   500       588
1522   500       588
1523   500       588
1524   500       588
1525   500       588
1526   500       588
1527   500       588
1528   500       588
1529   500       588
1530   500       588
1531   416       714
1532   416       714
1533   416       714
1534   416       714
1535   416       714
1536   416       714
1537   416       714
1538   416       714
1539   416       714
1540   416       714
1541   500       769
1542   500       769
1543   500       769
1544   500       769
1545   500       769
1546   500       769
1547   500       769
1548   500       769
1549   500       769
1550   500       769
1551   500       769
1552   500       769
1553   500       769
1554   500       769
1555   500       769
1556   500       769
1557   500       769
1558   500       769
1559   500       769
1560   500       769
1561   476       769
1562   476       769
1563   476       769
1564   476       769
1565   476       769
1566   476       769
1567   476       769
1568   476       769
1569   476       769
1570   476       769
1571   434       769
1572   434       769
1573   434       769
1574   434       769
1575   434       769
1576   434       769
1577   434       769
1578   434       769
1579   434       769
1580   434       769
1581   526       833
1582   526       833
1583   526       833
1584   526       833
1585   526       833
1586   526       833
1587   526       833
1588   526       833
1589   526       833
1590   526       833
1591   500       769
1592   500       769
1593   500       769
1594   500       769
1595   500       769
1596   500       769
1597   500       769
1598   500       769
1599   500       769
1600   500       769
1601   500       769
1602   500       769
1603   500       769
1604   500       769
1605   500       769
1606   500       769
1607   500       769
1608   500       769
1609   500       769
1610   500       769
1611   434       833
1612   434       833
1613   434       833
1614   434       833
1615   434       833
1616   434       833
1617   434       833
1618   434       833
1619   434       833
1620   434       833
1621   476       833
1622   476       833
1623   476       833
1624   476       833
1625   476       833
1626   476       833
1627   476       833
1628   476       833
1629   476       833
1630   476       833
1631   476       833
1632   476       833
1633   476       833
1634   476       833
1635   476       833
1636   476       833
1637   476       833
1638   476       833
1639   476       833
1640   476       833
1641   526       833
1642   526       833
1643   526       833
1644   526       833
1645   526       833
1646   526       833
1647   526       833
1648   526       833
1649   526       833
1650   526       833
1651   434       833
1652   434       833
1653   434       833
1654   434       833
1655   434       833
1656   434       833
1657   434       833
1658   434       833
1659   434       833
1660   434       833
1661   500       714
1662   500       714
1663   500       714
1664   500       714
1665   500       714
1666   500       714
1667   500       714
1668   500       714
1669   500       714
1670   500       714
1671   500       714
1672   500       714
1673   500       714
1674   500       714
1675   500       714
1676   500       714
1677   500       714
1678   500       714
1679   500       714
1680   500       714
1681   344       769
1682   344       769
1683   344       769
1684   344       769
1685   344       769
1686   344       769
1687   344       769
1688   344       769
1689   344       769
1690   344       769
1691   500       769
1692   500       769
1693   500       769
1694   500       769
1695   500       769
1696   500       769
1697   500       769
1698   500       769
1699   500       769
1700   500       769
1701   476       833
1702   476       833
1703   476       833
1704   476       833
1705   476       833
1706   476       833
1707   476       833
1708   476       833
1709   476       833
1710   476       833
1711   434       769
1712   434       769
1713   434       769
1714   434       769
1715   434       769
1716   434       769
1717   434       769
1718   434       769
1719   434       769
1720   434       769
1721   500       769
1722   500       769
1723   500       769
1724   500       769
1725   500       769
1726   500       769
1727   500       769
1728   500       769
1729   500       769
1730   500       769
1731   476       769
1732   476       769
1733   476       769
1734   476       769
1735   476       769
1736   476       769
1737   476       769
1738   476       769
1739   476       769
1740   476       769
1741   476       769
1742   476       769
1743   476       769
1744   476       769
1745   476       769
1746   476       769
1747   476       769
1748   476       769
1749   476       769
1750   476       769
1751   400       666
1752   400       666
1753   400       666
1754   400       666
1755   400       666
1756   400       666
1757   400       666
1758   400       666
1759   400       666
1760   400       666
1761   500       833
1762   500       833
1763   500       833
1764   500       833
1765   500       833
1766   500       833
1767   500       833
1768   500       833
1769   500       833
1770   500       833
1771   454       833
1772   454       833
1773   454       833
1774   454       833
1775   454       833
1776   454       833
1777   454       833
1778   454       833
1779   454       833
1780   454       833
1781   555       833
1782   555       833
1783   555       833
1784   555       833
1785   555       833
1786   555       833
1787   555       833
1788   555       833
1789   555       833
1790   555       833
1791   526       769
1792   526       769
1793   526       769
1794   526       769
1795   526       769
1796   526       769
1797   526       769
1798   526       769
1799   526       769
1800   526       769
1801   476       769
1802   476       769
1803   476       769
1804   476       769
1805   476       769
1806   476       769
1807   476       769
1808   476       769
1809   476       769
1810   476       769
1811   555       833
1812   555       833
1813   555       833
1814   555       833
1815   555       833
1816   555       833
1817   555       833
1818   555       833
1819   555       833
1820   555       833
1821   500       769
1822   500       769
1823   500       769
1824   500       769
1825   500       769
1826   500       769
1827   500       769
1828   500       769
1829   500       769
1830   500       769
1831   526       714
1832   526       714
1833   526       714
1834   526       714
1835   526       714
1836   526       714
1837   526       714
1838   526       714
1839   526       714
1840   526       714
1841   526       666
1842   526       666
1843   526       666
1844   526       666
1845   526       666
1846   526       666
1847   526       666
1848   526       666
1849   526       666
1850   526       666
1851   555       714
1852   555       714
1853   555       714
1854   555       714
1855   555       714
1856   555       714
1857   555       714
1858   555       714
1859   555       714
1860   555       714
1861   555       769
1862   555       769
1863   555       769
1864   555       769
1865   555       769
1866   555       769
1867   555       769
1868   555       769
1869   555       769
1870   555       769
1871   555       909
1872   555       909
1873   555       909
1874   555       909
1875   555       909
1876   555       909
1877   555       909
1878   555       909
1879   555       909
1880   555       909
1881   588       833
1882   588       833
1883   588       833
1884   588       833
1885   588       833
1886   588       833
1887   588       833
1888   588       833
1889   588       833
1890   588       833
1891   555       833
1892   555       833
1893   555       833
1894   555       833
1895   555       833
1896   555       833
1897   555       833
1898   555       833
1899   555       833
1900   555       833
1901   588       666
1902   588       666
1903   588       666
1904   588       666
1905   588       666
1906   588       666
1907   588       666
1908   588       666
1909   588       666
1910   588       666
1911   526       769
1912   526       769
1913   526       769
1914   526       769
1915   526       769
1916   526       769
1917   526       769
1918   526       769
1919   526       769
1920   526       769
1921   588       666
1922   588       666
1923   588       666
1924   588       666
1925   588       666
1926   588       666
1927   588       666
1928   588       666
1929   588       666
1930   588       666
1931   555       714
1932   555       714
1933   555       714
1934   555       714
1935   555       714
1936   555       714
1937   555       714
1938   555       714
1939   555       714
1940   555       714
1941   555       500
1942   555       500
1943   555       500
1944   555       500
1945   555       500
1946   555       500
1947   555       500
1948   555       500
1949   555       500
1950   555       500
1951   555       769
1952   555       769
1953   555       769
1954   555       769
1955   555       769
1956   555       769
1957   555       769
1958   555       769
1959   555       769
1960   555       769
1961   588       833
1962   588       833
1963   588       833
1964   588       833
1965   588       833
1966   588       833
1967   588       833
1968   588       833
1969   588       833
1970   588       833
1971   555       588
1972   555       588
1973   555       588
1974   555       588
1975   555       588
1976   555       588
1977   555       588
1978   555       588
1979   555       588
1980   555       588
1981   588       714
1982   588       714
1983   588       714
1984   588       714
1985   588       714
1986   588       714
1987   588       714
1988   588       714
1989   588       714
1990   588       714
1991   588       769
1992   588       769
1993   588       769
1994   588       769
1995   588       769
1996   588       769
1997   588       769
1998   588       769
1999   588       769
2000   588       769
2001   526       714
2002   526       714
2003   526       714
2004   526       714
2005   526       714
2006   526       714
2007   526       714
2008   526       714
2009   526       714
2010   526       714
2011   526       714
2012   526       714
2013   526       714
2014   526       714
2015   526       714
2016   526       714
2017   526       714
2018   526       714
2019   526       714
2020   526       714
2021   500       833
2022   500       833
2023   500       833
2024   500       833
2025   500       833
2026   500       833
2027   500       833
2028   500       833
2029   500       833
2030   500       833
2031   555       625
2032   555       625
2033   555       625
2034   555       625
2035   555       625
2036   555       625
2037   555       625
2038   555       625
2039   555       625
2040   555       625
2041   588       833
2042   588       833
2043   588       833
2044   588       833
2045   588       833
2046   588       833
2047   588       833
2048   588       833
2049   588       833
2050   588       833
2051   526       625
2052   526       625
2053   526       625
2054   526       625
2055   526       625
2056   526       625
2057   526       625
2058   526       625
2059   526       625
2060   526       625
2061   476       666
2062   476       666
2063   476       666
2064   476       666
2065   476       666
2066   476       666
2067   476       666
2068   476       666
2069   476       666
2070   476       666
2071   500       714
2072   500       714
2073   500       714
2074   500       714
2075   500       714
2076   500       714
2077   500       714
2078   500       714
2079   500       714
2080   500       714
2081   476       833
2082   476       833
2083   476       833
2084   476       833
2085   476       833
2086   476       833
2087   476       833
2088   476       833
2089   476       833
2090   476       833
2091   588       769
2092   588       769
2093   588       769
2094   588       769
2095   588       769
2096   588       769
2097   588       769
2098   588       769
2099   588       769
2100   588       769
2101   526       769
2102   526       769
2103   526       769
2104   526       769
2105   526       769
2106   526       769
2107   526       769
2108   526       769
2109   526       769
2110   526       769
2111   526       625
2112   526       625
2113   526       625
2114   526       625
2115   526       625
2116   526       625
2117   526       625
2118   526       625
2119   526       625
2120   526       625
2121   526       769
2122   526       769
2123   526       769
2124   526       769
2125   526       769
2126   526       769
2127   526       769
2128   526       769
2129   526       769
2130   526       769
2131   555       666
2132   555       666
2133   555       666
2134   555       666
2135   555       666
2136   555       666
2137   555       666
2138   555       666
2139   555       666
2140   555       666
2141   555       714
2142   555       714
2143   555       714
2144   555       714
2145   555       714
2146   555       714
2147   555       714
2148   555       714
2149   555       714
2150   555       714
2151   555       666
2152   555       666
2153   555       666
2154   555       666
2155   555       666
2156   555       666
2157   555       666
2158   555       666
2159   555       666
2160   555       666
2161   555       833
2162   555       833
2163   555       833
2164   555       833
2165   555       833
2166   555       833
2167   555       833
2168   555       833
2169   555       833
2170   555       833
2171   555       666
2172   555       666
2173   555       666
2174   555       666
2175   555       666
2176   555       666
2177   555       666
2178   555       666
2179   555       666
2180   555       666
2181   555       666
2182   555       666
2183   555       666
2184   555       666
2185   555       666
2186   555       666
2187   555       666
2188   555       666
2189   555       666
2190   555       666
2191   526       769
2192   526       769
2193   526       769
2194   526       769
2195   526       769
2196   526       769
2197   526       769
2198   526       769
2199   526       769
2200   526       769
2201   555       833
2202   555       833
2203   555       833
2204   555       833
2205   555       833
2206   555       833
2207   555       833
2208   555       833
2209   555       833
2210   555       833
2211   555       769
2212   555       769
2213   555       769
2214   555       769
2215   555       769
2216   555       769
2217   555       769
2218   555       769
2219   555       769
2220   555       769
2221   555       833
2222   555       833
2223   555       833
2224   555       833
2225   555       833
2226   555       833
2227   555       833
2228   555       833
2229   555       833
2230   555       833
2231   555       769
2232   555       769
2233   555       769
2234   555       769
2235   555       769
2236   555       769
2237   555       769
2238   555       769
2239   555       769
2240   555       769
2241   555       833
2242   555       833
2243   555       833
2244   555       833
2245   555       833
2246   555       833
2247   555       833
2248   555       833
2249   555       833
2250   555       833
2251   555       769
2252   555       769
2253   555       769
2254   555       769
2255   555       769
2256   555       769
2257   555       769
2258   555       769
2259   555       769
2260   555       769
2261   526       769
2262   526       769
2263   526       769
2264   526       769
2265   526       769
2266   526       769
2267   526       769
2268   526       769
2269   526       769
2270   526       769
2271   555       769
2272   555       769
2273   555       769
2274   555       769
2275   555       769
2276   555       769
2277   555       769
2278   555       769
2279   555       769
2280   555       769
2281   588       833
2282   588       833
2283   588       833
2284   588       833
2285   588       833
2286   588       833
2287   588       833
2288   588       833
2289   588       833
2290   588       833
2291   555       833
2292   555       833
2293   555       833
2294   555       833
2295   555       833
2296   555       833
2297   555       833
2298   555       833
2299   555       833
2300   555       833
2301   526       833
2302   526       833
2303   526       833
2304   526       833
2305   526       833
2306   526       833
2307   526       833
2308   526       833
2309   526       833
2310   526       833
2311   555       769
2312   555       769
2313   555       769
2314   555       769
2315   555       769
2316   555       769
2317   555       769
2318   555       769
2319   555       769
2320   555       769
2321   555       666
2322   555       666
2323   555       666
2324   555       666
2325   555       666
2326   555       666
2327   555       666
2328   555       666
2329   555       666
2330   555       666
2331   588       769
2332   588       769
2333   588       769
2334   588       769
2335   588       769
2336   588       769
2337   588       769
2338   588       769
2339   588       769
2340   588       769
2341   555       714
2342   555       714
2343   555       714
2344   555       714
2345   555       714
2346   555       714
2347   555       714
2348   555       714
2349   555       714
2350   555       714
2351   588       833
2352   588       833
2353   588       833
2354   588       833
2355   588       833
2356   588       833
2357   588       833
2358   588       833
2359   588       833
2360   588       833
2361   526       714
2362   526       714
2363   526       714
2364   526       714
2365   526       714
2366   526       714
2367   526       714
2368   526       714
2369   526       714
2370   526       714
2371   526       833
2372   526       833
2373   526       833
2374   526       833
2375   526       833
2376   526       833
2377   526       833
2378   526       833
2379   526       833
2380   526       833
2381   555       769
2382   555       769
2383   555       769
2384   555       769
2385   555       769
2386   555       769
2387   555       769
2388   555       769
2389   555       769
2390   555       769
2391   555       769
2392   555       769
2393   555       769
2394   555       769
2395   555       769
2396   555       769
2397   555       769
2398   555       769
2399   555       769
2400   555       769
2401   588       769
2402   588       769
2403   588       769
2404   588       769
2405   588       769
2406   588       769
2407   588       769
2408   588       769
2409   588       769
2410   588       769
2411   588       714
2412   588       714
2413   588       714
2414   588       714
2415   588       714
2416   588       714
2417   588       714
2418   588       714
2419   588       714
2420   588       714
2421   555       769
2422   555       769
2423   555       769
2424   555       769
2425   555       769
2426   555       769
2427   555       769
2428   555       769
2429   555       769
2430   555       769
2431   526       769
2432   526       769
2433   526       769
2434   526       769
2435   526       769
2436   526       769
2437   526       769
2438   526       769
2439   526       769
2440   526       769
2441   588       769
2442   588       769
2443   588       769
2444   588       769
2445   588       769
2446   588       769
2447   588       769
2448   588       769
2449   588       769
2450   588       769
2451   555       833
2452   555       833
2453   555       833
2454   555       833
2455   555       833
2456   555       833
2457   555       833
2458   555       833
2459   555       833
2460   555       833
2461   588       769
2462   588       769
2463   588       769
2464   588       769
2465   588       769
2466   588       769
2467   588       769
2468   588       769
2469   588       769
2470   588       769
2471   588       833
2472   588       833
2473   588       833
2474   588       833
2475   588       833
2476   588       833
2477   588       833
2478   588       833
2479   588       833
2480   588       833
2481   555       625
2482   555       625
2483   555       625
2484   555       625
2485   555       625
2486   555       625
2487   555       625
2488   555       625
2489   555       625
2490   555       625
2491   526       769
2492   526       769
2493   526       769
2494   526       769
2495   526       769
2496   526       769
2497   526       769
2498   526       769
2499   526       769
2500   526       769
2501   526       769
2502   526       769
2503   526       769
2504   526       769
2505   526       769
2506   526       769
2507   526       769
2508   526       769
2509   526       769
2510   526       769
2511   526       769
2512   526       769
2513   526       769
2514   526       769
2515   526       769
2516   526       769
2517   526       769
2518   526       769
2519   526       769
2520   526       769
2521   555       769
2522   555       769
2523   555       769
2524   555       769
2525   555       769
2526   555       769
2527   555       769
2528   555       769
2529   555       769
2530   555       769
2531   555       769
2532   555       769
2533   555       769
2534   555       769
2535   555       769
2536   555       769
2537   555       769
2538   555       769
2539   555       769
2540   555       769
2541   555       714
2542   555       714
2543   555       714
2544   555       714
2545   555       714
2546   555       714
2547   555       714
2548   555       714
2549   555       714
2550   555       714
2551   526       714
2552   526       714
2553   526       714
2554   526       714
2555   526       714
2556   526       714
2557   526       714
2558   526       714
2559   526       714
2560   526       714
2561   588       769
2562   588       769
2563   588       769
2564   588       769
2565   588       769
2566   588       769
2567   588       769
2568   588       769
2569   588       769
2570   588       769
2571   625       769
2572   625       769
2573   625       769
2574   625       769
2575   625       769
2576   625       769
2577   625       769
2578   625       769
2579   625       769
2580   625       769
2581   526       833
2582   526       833
2583   526       833
2584   526       833
2585   526       833
2586   526       833
2587   526       833
2588   526       833
2589   526       833
2590   526       833
2591   555       769
2592   555       769
2593   555       769
2594   555       769
2595   555       769
2596   555       769
2597   555       769
2598   555       769
2599   555       769
2600   555       769
2601   555       769
2602   555       769
2603   555       769
2604   555       769
2605   555       769
2606   555       769
2607   555       769
2608   555       769
2609   555       769
2610   555       769
2611   555       833
2612   555       833
2613   555       833
2614   555       833
2615   555       833
2616   555       833
2617   555       833
2618   555       833
2619   555       833
2620   555       833
2621   555       833
2622   555       833
2623   555       833
2624   555       833
2625   555       833
2626   555       833
2627   555       833
2628   555       833
2629   555       833
2630   555       833
2631   588       833
2632   588       833
2633   588       833
2634   588       833
2635   588       833
2636   588       833
2637   588       833
2638   588       833
2639   588       833
2640   588       833
2641   588       714
2642   588       714
2643   588       714
2644   588       714
2645   588       714
2646   588       714
2647   588       714
2648   588       714
2649   588       714
2650   588       714
2651   588       666
2652   588       666
2653   588       666
2654   588       666
2655   588       666
2656   588       666
2657   588       666
2658   588       666
2659   588       666
2660   588       666
2661   588       909
2662   588       909
2663   588       909
2664   588       909
2665   588       909
2666   588       909
2667   588       909
2668   588       909
2669   588       909
2670   588       909
2671   555       833
2672   555       833
2673   555       833
2674   555       833
2675   555       833
2676   555       833
2677   555       833
2678   555       833
2679   555       833
2680   555       833
2681   555       769
2682   555       769
2683   555       769
2684   555       769
2685   555       769
2686   555       769
2687   555       769
2688   555       769
2689   555       769
2690   555       769
2691   588       833
2692   588       833
2693   588       833
2694   588       833
2695   588       833
2696   588       833
2697   588       833
2698   588       833
2699   588       833
2700   588       833
2701   588       833
2702   588       833
2703   588       833
2704   588       833
2705   588       833
2706   588       833
2707   588       833
2708   588       833
2709   588       833
2710   588       833
2711   588       714
2712   588       714
2713   588       714
2714   588       714
2715   588       714
2716   588       714
2717   588       714
2718   588       714
2719   588       714
2720   588       714
2721   588       833
2722   588       833
2723   588       833
2724   588       833
2725   588       833
2726   588       833
2727   588       833
2728   588       833
2729   588       833
2730   588       833
2731   555       333
2732   555       333
2733   555       333
2734   555       333
2735   555       333
2736   555       333
2737   555       333
2738   555       333
2739   555       333
2740   555       333
2741   526       769
2742   526       769
2743   526       769
2744   526       769
2745   526       769
2746   526       769
2747   526       769
2748   526       769
2749   526       769
2750   526       769
2751   555       833
2752   555       833
2753   555       833
2754   555       833
2755   555       833
2756   555       833
2757   555       833
2758   555       833
2759   555       833
2760   555       833
2761   500       769
2762   500       769
2763   500       769
2764   500       769
2765   500       769
2766   500       769
2767   500       769
2768   500       769
2769   500       769
2770   500       769
2771   500       833
2772   500       833
2773   500       833
2774   500       833
2775   500       833
2776   500       833
2777   500       833
2778   500       833
2779   500       833
2780   500       833
2781   588       833
2782   588       833
2783   588       833
2784   588       833
2785   588       833
2786   588       833
2787   588       833
2788   588       833
2789   588       833
2790   588       833
2791   588       833
2792   588       833
2793   588       833
2794   588       833
2795   588       833
2796   588       833
2797   588       833
2798   588       833
2799   588       833
2800   588       833
2801   588       769
2802   588       769
2803   588       769
2804   588       769
2805   588       769
2806   588       769
2807   588       769
2808   588       769
2809   588       769
2810   588       769
2811   588       769
2812   588       769
2813   588       769
2814   588       769
2815   588       769
2816   588       769
2817   588       769
2818   588       769
2819   588       769
2820   588       769
2821   588       769
2822   588       769
2823   588       769
2824   588       769
2825   588       769
2826   588       769
2827   588       769
2828   588       769
2829   588       769
2830   588       769
2831   588       769
2832   588       769
2833   588       769
2834   588       769
2835   588       769
2836   588       769
2837   588       769
2838   588       769
2839   588       769
2840   588       769
2841   588       833
2842   588       833
2843   588       833
2844   588       833
2845   588       833
2846   588       833
2847   588       833
2848   588       833
2849   588       833
2850   588       833
2851   555       769
2852   555       769
2853   555       769
2854   555       769
2855   555       769
2856   555       769
2857   555       769
2858   555       769
2859   555       769
2860   555       769
2861   588       769
2862   588       769
2863   588       769
2864   588       769
2865   588       769
2866   588       769
2867   588       769
2868   588       769
2869   588       769
2870   588       769
2871   625       769
2872   625       769
2873   625       769
2874   625       769
2875   625       769
2876   625       769
2877   625       769
2878   625       769
2879   625       769
2880   625       769
2881   588       714
2882   588       714
2883   588       714
2884   588       714
2885   588       714
2886   588       714
2887   588       714
2888   588       714
2889   588       714
2890   588       714
2891   588       833
2892   588       833
2893   588       833
2894   588       833
2895   588       833
2896   588       833
2897   588       833
2898   588       833
2899   588       833
2900   588       833
2901   588       833
2902   588       833
2903   588       833
2904   588       833
2905   588       833
2906   588       833
2907   588       833
2908   588       833
2909   588       833
2910   588       833
2911   588       769
2912   588       769
2913   588       769
2914   588       769
2915   588       769
2916   588       769
2917   588       769
2918   588       769
2919   588       769
2920   588       769
2921   555       769
2922   555       769
2923   555       769
2924   555       769
2925   555       769
2926   555       769
2927   555       769
2928   555       769
2929   555       769
2930   555       769
2931   555       833
2932   555       833
2933   555       833
2934   555       833
2935   555       833
2936   555       833
2937   555       833
2938   555       833
2939   555       833
2940   555       833
2941   588       769
2942   588       769
2943   588       769
2944   588       769
2945   588       769
2946   588       769
2947   588       769
2948   588       769
2949   588       769
2950   588       769
2951   588       909
2952   588       909
2953   588       909
2954   588       909
2955   588       909
2956   588       909
2957   588       909
2958   588       909
2959   588       909
2960   588       909
2961   625       769
2962   625       769
2963   625       769
2964   625       769
2965   625       769
2966   625       769
2967   625       769
2968   625       769
2969   625       769
2970   625       769
2971   588       769
2972   588       769
2973   588       769
2974   588       769
2975   588       769
2976   588       769
2977   588       769
2978   588       769
2979   588       769
2980   588       769
2981   526       769
2982   526       769
2983   526       769
2984   526       769
2985   526       769
2986   526       769
2987   526       769
2988   526       769
2989   526       769
2990   526       769
2991   555       714
2992   555       714
2993   555       714
2994   555       714
2995   555       714
2996   555       714
2997   555       714
2998   555       714
2999   555       714
3000   555       714
3001   555       769
3002   555       769
3003   555       769
3004   555       769
3005   555       769
3006   555       769
3007   555       769
3008   555       769
3009   555       769
3010   555       769
3011   526       714
3012   526       714
3013   526       714
3014   526       714
3015   526       714
3016   526       714
3017   526       714
3018   526       714
3019   526       714
3020   526       714
3021   555       833
3022   555       833
3023   555       833
3024   555       833
3025   555       833
3026   555       833
3027   555       833
3028   555       833
3029   555       833
3030   555       833
3031   555       833
3032   555       833
3033   555       833
3034   555       833
3035   555       833
3036   555       833
3037   555       833
3038   555       833
3039   555       833
3040   555       833
3041   555       769
3042   555       769
3043   555       769
3044   555       769
3045   555       769
3046   555       769
3047   555       769
3048   555       769
3049   555       769
3050   555       769
3051   555       769
3052   555       769
3053   555       769
3054   555       769
3055   555       769
3056   555       769
3057   555       769
3058   555       769
3059   555       769
3060   555       769
3061   588       714
3062   588       714
3063   588       714
3064   588       714
3065   588       714
3066   588       714
3067   588       714
3068   588       714
3069   588       714
3070   588       714
3071   588       666
3072   588       666
3073   588       666
3074   588       666
3075   588       666
3076   588       666
3077   588       666
3078   588       666
3079   588       666
3080   588       666
3081   625       625
3082   625       625
3083   625       625
3084   625       625
3085   625       625
3086   625       625
3087   625       625
3088   625       625
3089   625       625
3090   625       625
3091   555       833
3092   555       833
3093   555       833
3094   555       833
3095   555       833
3096   555       833
3097   555       833
3098   555       833
3099   555       833
3100   555       833
3101   555       714
3102   555       714
3103   555       714
3104   555       714
3105   555       714
3106   555       714
3107   555       714
3108   555       714
3109   555       714
3110   555       714
3111   526       833
3112   526       833
3113   526       833
3114   526       833
3115   526       833
3116   526       833
3117   526       833
3118   526       833
3119   526       833
3120   526       833
3121   588       769
3122   588       769
3123   588       769
3124   588       769
3125   588       769
3126   588       769
3127   588       769
3128   588       769
3129   588       769
3130   588       769
3131   526       833
3132   526       833
3133   526       833
3134   526       833
3135   526       833
3136   526       833
3137   526       833
3138   526       833
3139   526       833
3140   526       833
3141   588       769
3142   588       769
3143   588       769
3144   588       769
3145   588       769
3146   588       769
3147   588       769
3148   588       769
3149   588       769
3150   588       769
3151   555       769
3152   555       769
3153   555       769
3154   555       769
3155   555       769
3156   555       769
3157   555       769
3158   555       769
3159   555       769
3160   555       769
3161   555       833
3162   555       833
3163   555       833
3164   555       833
3165   555       833
3166   555       833
3167   555       833
3168   555       833
3169   555       833
3170   555       833
3171   555       714
3172   555       714
3173   555       714
3174   555       714
3175   555       714
3176   555       714
3177   555       714
3178   555       714
3179   555       714
3180   555       714
3181   588       769
3182   588       769
3183   588       769
3184   588       769
3185   588       769
3186   588       769
3187   588       769
3188   588       769
3189   588       769
3190   588       769
3191   588       769
3192   588       769
3193   588       769
3194   588       769
3195   588       769
3196   588       769
3197   588       769
3198   588       769
3199   588       769
3200   588       769
3201   555       833
3202   555       833
3203   555       833
3204   555       833
3205   555       833
3206   555       833
3207   555       833
3208   555       833
3209   555       833
3210   555       833
3211   588       769
3212   588       769
3213   588       769
3214   588       769
3215   588       769
3216   588       769
3217   588       769
3218   588       769
3219   588       769
3220   588       769
3221   588       833
3222   588       833
3223   588       833
3224   588       833
3225   588       833
3226   588       833
3227   588       833
3228   588       833
3229   588       833
3230   588       833
3231   555       714
3232   555       714
3233   555       714
3234   555       714
3235   555       714
3236   555       714
3237   555       714
3238   555       714
3239   555       714
3240   555       714
3241   625       714
3242   625       714
3243   625       714
3244   625       714
3245   625       714
3246   625       714
3247   625       714
3248   625       714
3249   625       714
3250   625       714
3251   588       769
3252   588       769
3253   588       769
3254   588       769
3255   588       769
3256   588       769
3257   588       769
3258   588       769
3259   588       769
3260   588       769
3261   588       833
3262   588       833
3263   588       833
3264   588       833
3265   588       833
3266   588       833
3267   588       833
3268   588       833
3269   588       833
3270   588       833
3271   588       769
3272   588       769
3273   588       769
3274   588       769
3275   588       769
3276   588       769
3277   588       769
3278   588       769
3279   588       769
3280   588       769
3281   588       769
3282   588       769
3283   588       769
3284   588       769
3285   588       769
3286   588       769
3287   588       769
3288   588       769
3289   588       769
3290   588       769
3291   500       714
3292   500       714
3293   500       714
3294   500       714
3295   500       714
3296   500       714
3297   500       714
3298   500       714
3299   500       714
3300   500       714
3301   555       714
3302   555       714
3303   555       714
3304   555       714
3305   555       714
3306   555       714
3307   555       714
3308   555       714
3309   555       714
3310   555       714
3311   555       769
3312   555       769
3313   555       769
3314   555       769
3315   555       769
3316   555       769
3317   555       769
3318   555       769
3319   555       769
3320   555       769
3321   588       666
3322   588       666
3323   588       666
3324   588       666
3325   588       666
3326   588       666
3327   588       666
3328   588       666
3329   588       666
3330   588       666
3331   588       769
3332   588       769
3333   588       769
3334   588       769
3335   588       769
3336   588       769
3337   588       769
3338   588       769
3339   588       769
3340   588       769
3341   588       714
3342   588       714
3343   588       714
3344   588       714
3345   588       714
3346   588       714
3347   588       714
3348   588       714
3349   588       714
3350   588       714
3351   500       769
3352   500       769
3353   500       769
3354   500       769
3355   500       769
3356   500       769
3357   500       769
3358   500       769
3359   500       769
3360   500       769
3361   454       769
3362   454       769
3363   454       769
3364   454       769
3365   454       769
3366   454       769
3367   454       769
3368   454       769
3369   454       769
3370   454       769
3371   588       769
3372   588       769
3373   588       769
3374   588       769
3375   588       769
3376   588       769
3377   588       769
3378   588       769
3379   588       769
3380   588       769
3381   588       666
3382   588       666
3383   588       666
3384   588       666
3385   588       666
3386   588       666
3387   588       666
3388   588       666
3389   588       666
3390   588       666
3391   588       769
3392   588       769
3393   588       769
3394   588       769
3395   588       769
3396   588       769
3397   588       769
3398   588       769
3399   588       769
3400   588       769
3401   588       833
3402   588       833
3403   588       833
3404   588       833
3405   588       833
3406   588       833
3407   588       833
3408   588       833
3409   588       833
3410   588       833
3411   555       555
3412   555       555
3413   555       555
3414   555       555
3415   555       555
3416   555       555
3417   555       555
3418   555       555
3419   555       555
3420   555       555
3421   476       833
3422   476       833
3423   476       833
3424   476       833
3425   476       833
3426   476       833
3427   476       833
3428   476       833
3429   476       833
3430   476       833
3431   555       833
3432   555       833
3433   555       833
3434   555       833
3435   555       833
3436   555       833
3437   555       833
3438   555       833
3439   555       833
3440   555       833
3441   526       833
3442   526       833
3443   526       833
3444   526       833
3445   526       833
3446   526       833
3447   526       833
3448   526       833
3449   526       833
3450   526       833
3451   526       769
3452   526       769
3453   526       769
3454   526       769
3455   526       769
3456   526       769
3457   526       769
3458   526       769
3459   526       769
3460   526       769
3461   476       769
3462   476       769
3463   476       769
3464   476       769
3465   476       769
3466   476       769
3467   476       769
3468   476       769
3469   476       769
3470   476       769
3471   555       833
3472   555       833
3473   555       833
3474   555       833
3475   555       833
3476   555       833
3477   555       833
3478   555       833
3479   555       833
3480   555       833
3481   526       769
3482   526       769
3483   526       769
3484   526       769
3485   526       769
3486   526       769
3487   526       769
3488   526       769
3489   526       769
3490   526       769
3491   500       833
3492   500       833
3493   500       833
3494   500       833
3495   500       833
3496   500       833
3497   500       833
3498   500       833
3499   500       833
3500   500       833
3501   555       769
3502   555       769
3503   555       769
3504   555       769
3505   555       769
3506   555       769
3507   555       769
3508   555       769
3509   555       769
3510   555       769
3511   555       833
3512   555       833
3513   555       833
3514   555       833
3515   555       833
3516   555       833
3517   555       833
3518   555       833
3519   555       833
3520   555       833
3521   588       833
3522   588       833
3523   588       833
3524   588       833
3525   588       833
3526   588       833
3527   588       833
3528   588       833
3529   588       833
3530   588       833
3531   555       769
3532   555       769
3533   555       769
3534   555       769
3535   555       769
3536   555       769
3537   555       769
3538   555       769
3539   555       769
3540   555       769
3541   555       769
3542   555       769
3543   555       769
3544   555       769
3545   555       769
3546   555       769
3547   555       769
3548   555       769
3549   555       769
3550   555       769
3551   555       769
3552   555       769
3553   555       769
3554   555       769
3555   555       769
3556   555       769
3557   555       769
3558   555       769
3559   555       769
3560   555       769
3561   588       833
3562   588       833
3563   588       833
3564   588       833
3565   588       833
3566   588       833
3567   588       833
3568   588       833
3569   588       833
3570   588       833
3571   555       666
3572   555       666
3573   555       666
3574   555       666
3575   555       666
3576   555       666
3577   555       666
3578   555       666
3579   555       666
3580   555       666
3581   555       714
3582   555       714
3583   555       714
3584   555       714
3585   555       714
3586   555       714
3587   555       714
3588   555       714
3589   555       714
3590   555       714
3591   555       666
3592   555       666
3593   555       666
3594   555       666
3595   555       666
3596   555       666
3597   555       666
3598   555       666
3599   555       666
3600   555       666
3601   526       833
3602   526       833
3603   526       833
3604   526       833
3605   526       833
3606   526       833
3607   526       833
3608   526       833
3609   526       833
3610   526       833
3611   555       714
3612   555       714
3613   555       714
3614   555       714
3615   555       714
3616   555       714
3617   555       714
3618   555       714
3619   555       714
3620   555       714
3621   555       769
3622   555       769
3623   555       769
3624   555       769
3625   555       769
3626   555       769
3627   555       769
3628   555       769
3629   555       769
3630   555       769
3631   588       666
3632   588       666
3633   588       666
3634   588       666
3635   588       666
3636   588       666
3637   588       666
3638   588       666
3639   588       666
3640   588       666
3641   588       666
3642   588       666
3643   588       666
3644   588       666
3645   588       666
3646   588       666
3647   588       666
3648   588       666
3649   588       666
3650   588       666
3651   588       714
3652   588       714
3653   588       714
3654   588       714
3655   588       714
3656   588       714
3657   588       714
3658   588       714
3659   588       714
3660   588       714
3661   588       714
3662   588       714
3663   588       714
3664   588       714
3665   588       714
3666   588       714
3667   588       714
3668   588       714
3669   588       714
3670   588       714
3671   588       769
3672   588       769
3673   588       769
3674   588       769
3675   588       769
3676   588       769
3677   588       769
3678   588       769
3679   588       769
3680   588       769
3681   555       769
3682   555       769
3683   555       769
3684   555       769
3685   555       769
3686   555       769
3687   555       769
3688   555       769
3689   555       769
3690   555       769
3691   588       666
3692   588       666
3693   588       666
3694   588       666
3695   588       666
3696   588       666
3697   588       666
3698   588       666
3699   588       666
3700   588       666
3701   526       714
3702   526       714
3703   526       714
3704   526       714
3705   526       714
3706   526       714
3707   526       714
3708   526       714
3709   526       714
3710   526       714
3711   526       769
3712   526       769
3713   526       769
3714   526       769
3715   526       769
3716   526       769
3717   526       769
3718   526       769
3719   526       769
3720   526       769
3721   588       769
3722   588       769
3723   588       769
3724   588       769
3725   588       769
3726   588       769
3727   588       769
3728   588       769
3729   588       769
3730   588       769
3731   588       666
3732   588       666
3733   588       666
3734   588       666
3735   588       666
3736   588       666
3737   588       666
3738   588       666
3739   588       666
3740   588       666
3741   625       769
3742   625       769
3743   625       769
3744   625       769
3745   625       769
3746   625       769
3747   625       769
3748   625       769
3749   625       769
3750   625       769
3751   588       666
3752   588       666
3753   588       666
3754   588       666
3755   588       666
3756   588       666
3757   588       666
3758   588       666
3759   588       666
3760   588       666
3761   555       769
3762   555       769
3763   555       769
3764   555       769
3765   555       769
3766   555       769
3767   555       769
3768   555       769
3769   555       769
3770   555       769
3771   555       666
3772   555       666
3773   555       666
3774   555       666
3775   555       666
3776   555       666
3777   555       666
3778   555       666
3779   555       666
3780   555       666
3781   555       833
3782   555       833
3783   555       833
3784   555       833
3785   555       833
3786   555       833
3787   555       833
3788   555       833
3789   555       833
3790   555       833
3791   555       666
3792   555       666
3793   555       666
3794   555       666
3795   555       666
3796   555       666
3797   555       666
3798   555       666
3799   555       666
3800   555       666
3801   555       769
3802   555       769
3803   555       769
3804   555       769
3805   555       769
3806   555       769
3807   555       769
3808   555       769
3809   555       769
3810   555       769
3811   526       625
3812   526       625
3813   526       625
3814   526       625
3815   526       625
3816   526       625
3817   526       625
3818   526       625
3819   526       625
3820   526       625
3821   526       769
3822   526       769
3823   526       769
3824   526       769
3825   526       769
3826   526       769
3827   526       769
3828   526       769
3829   526       769
3830   526       769
3831   555       666
3832   555       666
3833   555       666
3834   555       666
3835   555       666
3836   555       666
3837   555       666
3838   555       666
3839   555       666
3840   555       666
3841   476       769
3842   476       769
3843   476       769
3844   476       769
3845   476       769
3846   476       769
3847   476       769
3848   476       769
3849   476       769
3850   476       769
3851   588       833
3852   588       833
3853   588       833
3854   588       833
3855   588       833
3856   588       833
3857   588       833
3858   588       833
3859   588       833
3860   588       833
3861   588       833
3862   588       833
3863   588       833
3864   588       833
3865   588       833
3866   588       833
3867   588       833
3868   588       833
3869   588       833
3870   588       833
3871   555       769
3872   555       769
3873   555       769
3874   555       769
3875   555       769
3876   555       769
3877   555       769
3878   555       769
3879   555       769
3880   555       769
3881   588       714
3882   588       714
3883   588       714
3884   588       714
3885   588       714
3886   588       714
3887   588       714
3888   588       714
3889   588       714
3890   588       714
3891   526       833
3892   526       833
3893   526       833
3894   526       833
3895   526       833
3896   526       833
3897   526       833
3898   526       833
3899   526       833
3900   526       833
3901   526       769
3902   526       769
3903   526       769
3904   526       769
3905   526       769
3906   526       769
3907   526       769
3908   526       769
3909   526       769
3910   526       769
3911   588       833
3912   588       833
3913   588       833
3914   588       833
3915   588       833
3916   588       833
3917   588       833
3918   588       833
3919   588       833
3920   588       833
3921   625       769
3922   625       769
3923   625       769
3924   625       769
3925   625       769
3926   625       769
3927   625       769
3928   625       769
3929   625       769
3930   625       769
3931   588       833
3932   588       833
3933   588       833
3934   588       833
3935   588       833
3936   588       833
3937   588       833
3938   588       833
3939   588       833
3940   588       833
3941   588       833
3942   588       833
3943   588       833
3944   588       833
3945   588       833
3946   588       833
3947   588       833
3948   588       833
3949   588       833
3950   588       833
3951   500       833
3952   500       833
3953   500       833
3954   500       833
3955   500       833
3956   500       833
3957   500       833
3958   500       833
3959   500       833
3960   500       833
3961   476       833
3962   476       833
3963   476       833
3964   476       833
3965   476       833
3966   476       833
3967   476       833
3968   476       833
3969   476       833
3970   476       833
3971   434       769
3972   434       769
3973   434       769
3974   434       769
3975   434       769
3976   434       769
3977   434       769
3978   434       769
3979   434       769
3980   434       769
3981   500       769
3982   500       769
3983   500       769
3984   500       769
3985   500       769
3986   500       769
3987   500       769
3988   500       769
3989   500       769
3990   500       769
3991   500       769
3992   500       769
3993   500       769
3994   500       769
3995   500       769
3996   500       769
3997   500       769
3998   500       769
3999   500       769
4000   500       769