1   109 116 
2   109 116 
3   109 116 
4   109 116 
5   109 116 
6   109 116 
7   109 116 
8   109 116 
9   109 116 
10  109 116 
11  138 169 
12  138 169 
11  138 169 
13  138 169 
14  138 169 
15  138 169 
16  138 169 
17  138 169 
18  138 169 
19  138 169 
20  119 178 
21  119 178 
22  119 178 
23  119 178 
24  119 178 
25  119 178 
26  119 178 
27  119 178 
28  119 178 
29  119 178 
30  131 151 
31  131 151 
32  131 151 
33  131 151 
34  131 151 
35  131 151 
36  131 151 
37  131 151 
38  131 151 
39  131 151 
40  116 156 
41  116 156 
42  116 156 
43  116 156 
44  116 156 
45  116 156 
46  116 156 
47  116 156 
48  116 156 
49  116 156 
50  131 151 
51  131 151 
52  131 151 
53  131 151 
54  131 151 
55  131 151 
56  131 151 
57  131 151 
58  131 151 
59  131 151 
60  135 169 
61  135 169 
62  135 169 
63  135 169 
64  135 169 
65  135 169 
66  135 169 
67  135 169 
68  135 169 
69  135 169 
70  140 156 
71  140 156 
72  140 156 
73  140 156 
74  140 156 
75  140 156 
76  140 156 
77  140 156 
78  140 156 
79  140 156 
80  129 158 
81  129 158 
82  129 158 
83  129 158 
84  129 158 
85  129 158 
86  129 158 
87  129 158 
88  129 158 
89  129 158 
90   126 158
91   126 158
92   126 158
93   126 158
94   126 158
95   126 158
96   126 158
97   126 158
98   126 158
99   126 158
100  121 166
101  121 166
102  121 166
103  121 166
104  121 166
105  121 166
106  121 166
107  121 166
108  121 166
109  121 166
110  119 153
111  119 153
112  119 153
113  119 153
114  119 153
115  119 153
116  119 153
117  119 153
118  119 153
119  119 153
120  126 158
121  126 158
122  126 158
123  126 158
124  126 158
125  126 158
126  126 158
127  126 158
128  126 158
129  126 158
130  140 161
131  140 161
132  140 161
133  140 161
134  140 161
135  140 161
136  140 161
137  140 161
138  140 161
139  140 161
140  126 161
141  126 161
142  126 161
143  126 161
144  126 161
145  126 161
146  126 161
147  126 161
148  126 161
149  126 161
150  135 158
151  135 158
152  135 158
153  135 158
154  135 158
155  135 158
156  135 158
157  135 158
158  135 158
159  135 158
160  131 161
161  131 161
162  131 161
163  131 161
164  131 161
165  131 161
166  131 161
167  131 161
168  131 161
169  131 161
170  140 161
171  140 161
172  140 161
173  140 161
174  140 161
175  140 161
176  140 161
177  140 161
178  140 161
179  140 161
180  135 166
181  135 166
182  135 166
183  135 166
184  135 166
185  135 166
186  135 166
187  135 166
188  135 166
189  135 166
190  133 151
191  133 151
192  133 151
193  133 151
194  133 151
195  133 151
196  133 151
197  133 151
198  133 151
199  133 151
200  123 181
201  123 181
202  123 181
203  123 181
204  123 181
205  123 181
206  123 181
207  123 181
208  123 181
209  123 181
210  136 185
211  136 185
212  136 185
213  136 185
214  136 185
215  136 185
216  136 185
217  136 185
218  136 185
219  136 185
220  131 185
221  131 185
222  131 185
223  131 185
224  131 185
225  131 185
226  131 185
227  131 185
228  131 185
229  131 185
230  133 196
231  133 196
232  133 196
233  133 196
234  133 196
235  133 196
236  133 196
237  133 196
238  133 196
239  133 196
240  126 178
241  126 178
242  126 178
243  126 178
244  126 178
245  126 178
246  126 178
247  126 178
248  126 178
249  126 178
250  128 181
251  128 181
252  128 181
253  128 181
254  128 181
255  128 181
256  128 181
257  128 181
258  128 181
259  128 181
260  128 185
261  128 185
262  128 185
263  128 185
264  128 185
265  128 185
266  128 185
267  128 185
268  128 185
269  128 185
270  138 188
271  138 188
272  138 188
273  138 188
274  138 188
275  138 188
276  138 188
277  138 188
278  138 188
279  138 188
280  129 166
281  129 166
282  129 166
283  129 166
284  129 166
285  129 166
286  129 166
287  129 166
288  129 166
289  129 166
290  136 178
291  136 178
292  136 178
293  136 178
294  136 178
295  136 178
296  136 178
297  136 178
298  136 178
299  136 178
300  138 175
301  138 175
302  138 175
303  138 175
304  138 175
305  138 175
306  138 175
307  138 175
308  138 175
309  138 175
310  128 185
311  128 185
312  128 185
313  128 185
314  128 185
315  128 185
316  128 185
317  128 185
318  128 185
319  128 185
320  136 188
321  136 188
322  136 188
323  136 188
324  136 188
325  136 188
326  136 188
327  136 188
328  136 188
329  136 188
330  133 185
331  133 185
332  133 185
333  133 185
334  133 185
335  133 185
336  133 185
337  133 185
338  133 185
339  133 185
340  135 178
341  135 178
342  135 178
343  135 178
344  135 178
345  135 178
346  135 178
347  135 178
348  135 178
349  135 178
350  128 181
351  128 181
352  128 181
353  128 181
354  128 181
355  128 181
356  128 181
357  128 181
358  128 181
359  128 181
360  125 185
361  125 185
362  125 185
363  125 185
364  125 185
365  125 185
366  125 185
367  125 185
368  125 185
369  125 185
370  131 188
371  131 188
372  131 188
373  131 188
374  131 188
375  131 188
376  131 188
377  131 188
378  131 188
379  131 188
380  136 178
381  136 178
382  136 178
383  136 178
384  136 178
385  136 178
386  136 178
387  136 178
388  136 178
389  136 178
390  138 185
391  138 185
392  138 185
393  138 185
394  138 185
395  138 185
396  138 185
397  138 185
398  138 185
399  138 185
400  138 188
401  138 188
402  138 188
403  138 188
404  138 188
405  138 188
406  138 188
407  138 188
408  138 188
409  138 188
410  142 181
411  142 181
412  142 181
413  142 181
414  142 181
415  142 181
416  142 181
417  142 181
418  142 181
419  142 181
420  133 185
421  133 185
422  133 185
423  133 185
424  133 185
425  133 185
426  133 185
427  133 185
428  133 185
429  133 185
430  138 185
431  138 185
432  138 185
433  138 185
434  138 185
435  138 185
436  138 185
437  138 185
438  138 185
439  138 185
440  125 178
441  125 178
442  125 178
443  125 178
444  125 178
445  125 178
446  125 178
447  125 178
448  125 178
449  125 178
450  128 181
451  128 181
452  128 181
453  128 181
454  128 181
455  128 181
456  128 181
457  128 181
458  128 181
459  128 181
460  136 181
461  136 181
462  136 181
463  136 181
464  136 181
465  136 181
466  136 181
467  136 181
468  136 181
469  136 181
470  129 149
471  129 149
472  129 149
473  129 149
474  129 149
475  129 149
476  129 149
477  129 149
478  129 149
479  129 149
480  138 175
481  138 175
482  138 175
483  138 175
484  138 175
485  138 175
486  138 175
487  138 175
488  138 175
489  138 175
490  136 196
491  136 196
492  136 196
493  136 196
494  136 196
495  136 196
496  136 196
497  136 196
498  136 196
499  136 196
500  131 185
         